2	2	0.0002857143	0.0034	0.0044	0.007566	0	0	0	0	0	0	0	0	-2.396e-06	2.442e-07
2	2	0.0002857143	0.0034	0.0044	0.007561095	0	0	-0.00981	0	0	0	0	0	-2.396e-06	2.442e-07
2	2	0.0002857143	0.0034	0.0044	0.00754638	0	0	-0.01962	0	0	0	0	0	-2.396e-06	2.442e-07
2	2	0.0002857143	0.0034	0.0044	0.007521855	0	0	-0.02943	0	0	0	0	0	-2.396e-06	2.442e-07
2	2	0.0002857143	0.0034	0.0044	0.00748752	0	0	-0.03924	0	0	0	0	0	-2.396e-06	2.442e-07
2	2	0.0002857143	0.0034	0.0044	0.007443375	0	0	-0.04905	0	0	0	0	0	-2.396e-06	2.442e-07
2	2	0.0002857143	0.0034	0.0044	0.00738942	0	0	-0.05886	0	0	0	0	0	-2.396e-06	2.442e-07
2	2	0.0002857143	0.0034	0.0044	0.007325655	0	0	-0.06867	0	0	0	0	0	-2.396e-06	2.442e-07
2	2	0.0002857143	0.0034	0.0044	0.00725208	0	0	-0.07848	0	0	0	0	0	-2.396e-06	2.442e-07
2	2	0.0002857143	0.0034	0.0044	0.007168695	0	0	-0.08829	0	0	0	0	0	-2.396e-06	2.442e-07
2	2	0.0002857143	0.0034	0.0044	0.0070755	0	0	-0.0981	0	0	0	0	0	-2.396e-06	2.442e-07
2	2	0.0002857143	0.0034	0.0044	0.006972495	0	0	-0.10791	0	0	0	0	0	-2.396e-06	2.442e-07
2	2	0.0002857143	0.0034	0.0044	0.00685968	0	0	-0.11772	0	0	0	0	0	-2.396e-06	2.442e-07
2	2	0.0002857143	0.0034	0.0044	0.006737055	0	0	-0.12753	0	0	0	0	0	-2.396e-06	2.442e-07
2	2	0.0002857143	0.0034	0.0044	0.00660462	0	0	-0.13734	0	0	0	0	0	-2.396e-06	2.442e-07
2	2	0.0002857143	0.0034	0.0044	0.006462375	0	0	-0.14715	0	0	0	0	0	-2.396e-06	2.442e-07
2	2	0.0002857143	0.0033560487	0.0044	0.0064473521	-0.0470277557	0	-0.0103450479	0	-138.8023357042	0	0	0	-2.396e-06	2.442e-07
2	2	0.0002857143	0.0033090209	0.0044	0.006432102	-0.0470277557	0	-0.0201550479	0	-138.8023357042	0	0	0	-2.396e-06	2.442e-07
2	2	0.0002857143	0.0032619932	0.0044	0.006407042	-0.0470277557	0	-0.0299650479	0	-138.8023357042	0	0	0	-2.396e-06	2.442e-07
2	2	0.0002857143	0.0032149654	0.0044	0.0063721719	-0.0470277557	0	-0.0397750479	0	-138.8023357042	0	0	0	-2.396e-06	2.442e-07
2	2	0.0002857143	0.0031679377	0.0044	0.0063274919	-0.0470277557	0	-0.0495850479	0	-138.8023357042	0	0	0	-2.396e-06	2.442e-07
2	2	0.0002857143	0.0031295206	0.0044	0.0062996948	-0.0225151877	0	-0.0150558369	0	-94.2936400748	0	7.8472e-06	0	5.1195e-06	2.442e-07
2	2	0.0002857143	0.0031199497	0.0044	0.0062932579	0.0012057491	0	0.0008152494	0	5.0400991761	0	3.9323e-06	0	2.6586e-06	2.442e-07
2	2	0.0002857143	0.0031276134	0.0044	0.0062984171	0.0121061628	0	0.0081141093	0	50.7296276912	0	1.3067e-06	0	8.485e-07	2.442e-07
2	2	0.0002857143	0.0031407735	0.0044	0.0063071716	0.0129383376	0	0.0085424202	0	54.2719835439	0	-6.167e-07	0	-4.38e-07	2.442e-07
2	2	0.0002857143	0.0031517875	0.0044	0.0063143979	0.0086265157	0	0.0056243597	0	36.0203245006	0	-1.3196e-06	0	-8.739e-07	2.442e-07
2	2	0.0002857143	0.0031577414	0.0044	0.0063182666	0.0033917998	0	0.0021964195	0	14.1596450112	0	-1.1478e-06	0	-7.454e-07	2.442e-07
2	2	0.0002857143	0.0031590854	0.0044	0.0063191363	-0.0003605531	0	-0.0002331292	0	-1.4730596366	0	-6.585e-07	0	-4.258e-07	2.442e-07
2	2	0.0002857143	0.003157729	0.0044	0.0063182585	-0.0020236395	0	-0.0013104934	0	-8.4203309884	0	-1.784e-07	0	-1.163e-07	2.442e-07
2	2	0.0002857143	0.0031555773	0.0044	0.0063168634	-0.0020789349	0	-0.0013496243	0	-8.6654940356	0	1.162e-07	0	7.47e-08	2.442e-07
2	2	0.0002857143	0.003153832	0.0044	0.0063157292	-0.0013457152	0	-0.0008753703	0	-5.6176926011	0	2.138e-07	0	1.388e-07	2.442e-07
2	2	0.0002857143	0.0031529184	0.0044	0.0063151346	-0.0005036649	0	-0.0003279692	0	-2.1070196958	0	1.828e-07	0	1.19e-07	2.442e-07
2	2	0.0002857143	0.0031527363	0.0044	0.006315016	8.30426e-05	0	5.40858e-05	0	0.3427243791	0	1.011e-07	0	6.59e-08	2.442e-07
2	2	0.0002857143	0.0031529706	0.0044	0.0063151686	0.000333458	0	0.0002171228	0	1.3896343223	0	2.51e-08	0	1.63e-08	2.442e-07
2	2	0.0002857143	0.0031533186	0.0044	0.0063153952	0.0003314895	0	0.000215755	0	1.3829024336	0	-2.04e-08	0	-1.33e-08	2.442e-07
2	2	0.0002857143	0.0031535939	0.0044	0.0063155743	0.0002094422	0	0.0001362757	0	0.8744549223	0	-3.48e-08	0	-2.26e-08	2.442e-07
2	2	0.0002857143	0.0031537338	0.0044	0.0063156653	7.4515e-05	0	4.84762e-05	0	0.3116904896	0	-2.89e-08	0	-1.88e-08	2.442e-07
2	2	0.0002857143	0.0031537578	0.0044	0.006315681	-1.72751e-05	0	-1.12381e-05	0	-0.0714597349	0	-1.56e-08	0	-1.01e-08	2.442e-07
2	2	0.0002857143	0.0031537176	0.0044	0.0063156548	-5.48843e-05	0	-3.5706e-05	0	-0.2286880511	0	-3.5e-09	0	-2.3e-09	2.442e-07
2	2	0.0002857143	0.0031536613	0.0044	0.0063156182	-5.28278e-05	0	-3.43704e-05	0	-0.2203722932	0	3.6e-09	0	2.3e-09	2.442e-07
2	2	0.0002857143	0.0031536179	0.0044	0.00631559	-3.25438e-05	0	-2.11744e-05	0	-0.1358826663	0	5.6e-09	0	3.7e-09	2.442e-07
2	2	0.0002857143	0.0031535966	0.0044	0.0063155761	-1.09488e-05	0	-7.1239e-06	0	-0.0458117621	0	4.6e-09	0	3e-09	2.442e-07
2	2	0.0002857143	0.0031535935	0.0044	0.0063155741	3.3842e-06	0	2.202e-06	0	0.014023412	0	2.4e-09	0	1.6e-09	2.442e-07
2	2	0.0002857143	0.0031536004	0.0044	0.0063155785	9.0061e-06	0	5.8598e-06	0	0.0375308727	0	5e-10	0	3e-10	2.442e-07
2	2	0.0002857143	0.0031536095	0.0044	0.0063155844	8.4059e-06	0	5.4693e-06	0	0.0350675643	0	-6e-10	0	-4e-10	2.442e-07
2	2	0.0002857143	0.0031536163	0.0044	0.0063155889	5.0477e-06	0	3.2842e-06	0	0.0210773514	0	-9e-10	0	-6e-10	2.442e-07
2	2	0.0002857143	0.0031536196	0.0044	0.006315591	1.5967e-06	0	1.0389e-06	0	0.0066827518	0	-7e-10	0	-5e-10	2.442e-07
2	2	0.0002857143	0.0031536199	0.0044	0.0063155912	-6.379e-07	0	-4.151e-07	0	-0.0026464408	0	-4e-10	0	-2e-10	2.442e-07
2	2	0.0002857143	0.0031536188	0.0044	0.0063155905	-1.4741e-06	0	-9.591e-07	0	-0.0061435535	0	-1e-10	0	-0	2.442e-07
2	2	0.0002857143	0.0031536173	0.0044	0.0063155895	-1.3357e-06	0	-8.69e-07	0	-0.0055724225	0	1e-10	0	1e-10	2.442e-07
2	2	0.0002857143	0.0031536162	0.0044	0.0063155888	-7.815e-07	0	-5.085e-07	0	-0.0032633186	0	1e-10	0	1e-10	2.442e-07
2	2	0.0002857143	0.0031536157	0.0044	0.0063155885	-2.308e-07	0	-1.502e-07	0	-0.0009662107	0	1e-10	0	1e-10	2.442e-07
2	2	0.0002857143	0.0031536157	0.0044	0.0063155885	1.17e-07	0	7.61e-08	0	0.0004859351	0	1e-10	0	0	2.442e-07
2	2	0.0002857143	0.0031536159	0.0044	0.0063155886	2.407e-07	0	1.566e-07	0	0.0010032468	0	0	0	0	2.442e-07
2	2	0.0002857143	0.0031536161	0.0044	0.0063155888	2.119e-07	0	1.379e-07	0	0.0008842524	0	-0	0	-0	2.442e-07
2	2	0.0002857143	0.0031536163	0.0044	0.0063155889	1.207e-07	0	7.86e-08	0	0.0005042628	0	-0	0	-0	2.442e-07
2	2	0.0002857143	0.0031536164	0.0044	0.0063155889	3.3e-08	0	2.15e-08	0	0.0001382134	0	-0	0	-0	2.442e-07
2	2	0.0002857143	0.0031536164	0.0044	0.0063155889	-2.1e-08	0	-1.37e-08	0	-8.74336e-05	0	-0	0	-0	2.442e-07
2	2	0.0002857143	0.0031536163	0.0044	0.0063155889	-3.92e-08	0	-2.55e-08	0	-0.0001634614	0	-0	0	-0	2.442e-07
2	2	0.0002857143	0.0031536163	0.0044	0.0063155889	-3.36e-08	0	-2.19e-08	0	-0.0001401214	0	0	0	0	2.442e-07
2	2	0.0002857143	0.0031536163	0.0044	0.0063155889	-1.86e-08	0	-1.21e-08	0	-7.77617e-05	0	0	0	0	2.442e-07
2	2	0.0002857143	0.0031536163	0.0044	0.0063155889	-4.7e-09	0	-3e-09	0	-1.95135e-05	0	0	0	0	2.442e-07
2	2	0.0002857143	0.0031536163	0.0044	0.0063155889	3.7e-09	0	2.4e-09	0	1.54869e-05	0	0	0	0	2.442e-07
2	2	0.0002857143	0.0031536163	0.0044	0.0063155889	6.4e-09	0	4.1e-09	0	2.65764e-05	0	0	0	0	2.442e-07
2	2	0.0002857143	0.0031536163	0.0044	0.0063155889	5.3e-09	0	3.5e-09	0	2.21733e-05	0	-0	0	-0	2.442e-07
2	2	0.0002857143	0.0031536163	0.0044	0.0063155889	2.9e-09	0	1.9e-09	0	1.19657e-05	0	-0	0	-0	2.442e-07
2	2	0.0002857143	0.0031536163	0.0044	0.0063155889	6e-10	0	4e-10	0	2.7099e-06	0	-0	0	-0	2.442e-07
2	2	0.0002857143	0.0031536163	0.0044	0.0063155889	-7e-10	0	-4e-10	0	-2.709e-06	0	-0	0	-0	2.442e-07
2	2	0.0002857143	0.0031536163	0.0044	0.0063155889	-1e-09	0	-7e-10	0	-4.3122e-06	0	-0	0	-0	2.442e-07
2	2	0.0002857143	0.0031536163	0.0044	0.0063155889	-8e-10	0	-5e-10	0	-3.5039e-06	0	0	0	0	2.442e-07
2	2	0.0002857143	0.0031536163	0.0044	0.0063155889	-4e-10	0	-3e-10	0	-1.837e-06	0	0	0	0	2.442e-07
2	2	0.0002857143	0.0031536163	0.0044	0.0063155889	-1e-10	0	-1e-10	0	-3.683e-07	0	0	0	0	2.442e-07
2	2	0.0002857143	0.0031536163	0.0044	0.0063155889	1e-10	0	1e-10	0	4.69e-07	0	0	0	0	2.442e-07
2	2	0.0002857143	0.0031536163	0.0044	0.0063155889	2e-10	0	1e-10	0	6.983e-07	0	-0	0	-0	2.442e-07
2	2	0.0002857143	0.0031536163	0.0044	0.0063155889	1e-10	0	1e-10	0	5.529e-07	0	-0	0	-0	2.442e-07
2	2	0.0002857143	0.0031536163	0.0044	0.0063155889	1e-10	0	0	0	2.813e-07	0	-0	0	-0	2.442e-07
2	2	0.0002857143	0.0031536163	0.0044	0.0063155889	0	0	0	0	4.86e-08	0	-0	0	-0	2.442e-07
2	2	0.0002857143	0.0031536163	0.0044	0.0063155889	-0	0	-0	0	-8.05e-08	0	-0	0	-0	2.442e-07
2	2	0.0002857143	0.0031536163	0.0044	0.0063155889	-0	0	-0	0	-1.129e-07	0	0	0	0	2.442e-07
2	2	0.0002857143	0.0031536163	0.0044	0.0063155889	-0	0	-0	0	-8.71e-08	0	0	0	0	2.442e-07
2	2	0.0002857143	0.0031536163	0.0044	0.0063155889	-0	0	-0	0	-4.3e-08	0	0	0	0	2.442e-07
2	2	0.0002857143	0.0031536163	0.0044	0.0063155889	-0	0	-0	0	-6.1e-09	0	0	0	0	2.442e-07
2	2	0.0002857143	0.0031536163	0.0044	0.0063155889	0	0	0	0	1.37e-08	0	0	0	0	2.442e-07
2	2	0.0002857143	0.0031536163	0.0044	0.0063155889	0	0	0	0	1.82e-08	0	-0	0	-0	2.442e-07
2	2	0.0002857143	0.0031536163	0.0044	0.0063155889	0	0	0	0	1.37e-08	0	-0	0	-0	2.442e-07
2	2	0.0002857143	0.0031536163	0.0044	0.0063155889	0	0	0	0	6.5e-09	0	-0	0	-0	2.442e-07
2	2	0.0002857143	0.0031536163	0.0044	0.0063155889	0	0	0	0	7e-10	0	-0	0	-0	2.442e-07
2	2	0.0002857143	0.0031536163	0.0044	0.0063155889	-0	0	-0	0	-2.3e-09	0	-0	0	-0	2.442e-07
2	2	0.0002857143	0.0031536163	0.0044	0.0063155889	-0	0	-0	0	-2.9e-09	0	0	0	-0	2.442e-07
2	2	0.0002857143	0.0031536163	0.0044	0.0063155889	-0	0	-0	0	-2.2e-09	0	0	0	0	2.442e-07
2	2	0.0002857143	0.0031536163	0.0044	0.0063155889	-0	0	-0	0	-1e-09	0	-0	0	0	2.442e-07
2	2	0.0002857143	0.0031536163	0.0044	0.0063155889	-0	0	-0	0	-1e-10	0	0	0	0	2.442e-07
2	2	0.0002857143	0.0031536163	0.0044	0.0063155889	0	0	0	0	4e-10	0	0	0	-0	2.442e-07
2	2	0.0002857143	0.0031536163	0.0044	0.0063155889	0	0	0	0	5e-10	0	-0	0	0	2.442e-07
2	2	0.0002857143	0.0031536163	0.0044	0.0063155889	0	0	0	0	3e-10	0	-0	0	-0	2.442e-07
2	2	0.0002857143	0.0031536163	0.0044	0.0063155889	0	0	0	0	2e-10	0	-0	0	0	2.442e-07
2	2	0.0002857143	0.0031536163	0.0044	0.0063155889	-0	0	0	0	0	0	-0	0	-0	2.442e-07
2	2	0.0002857143	0.0031536163	0.0044	0.0063155889	-0	0	-0	0	-1e-10	0	-0	0	-0	2.442e-07
2	2	0.0002857143	0.0031536163	0.0044	0.0063155889	-0	0	-0	0	-1e-10	0	0	0	0	2.442e-07
2	2	0.0002857143	0.0031536163	0.0044	0.0063155889	-0	0	-0	0	-1e-10	0	0	0	0	2.442e-07
2	2	0.0002857143	0.0031536163	0.0044	0.0063155889	-0	0	-0	0	-0	0	0	0	0	2.442e-07
2	2	0.0002857143	0.0031536163	0.0044	0.0063155889	0	0	-0	0	0	0	0	0	0	2.442e-07
2	2	0.0002857143	0.0031536163	0.0044	0.0063155889	0	0	-0	0	0	0	0	0	0	2.442e-07
2	2	0.0002857143	0.0031536163	0.0044	0.0063155889	0	0	-0	0	0	0	-0	0	-0	2.442e-07
2	2	0.0002857143	0.0031536163	0.0044	0.0063155889	0	0	-0	0	0	0	-0	0	-0	2.442e-07
2	2	0.0002857143	0.0031536163	0.0044	0.0063155889	0	0	-0	0	0	0	-0	0	-0	2.442e-07
2	2	0.0002857143	0.0031536163	0.0044	0.0063155889	0	0	-0	0	-0	0	-0	0	-0	2.442e-07
2	2	0.0002857143	0.0031536163	0.0044	0.0063155889	0	0	-0	0	-0	0	-0	0	-0	2.442e-07
2	2	0.0002857143	0.0031536163	0.0044	0.0063155889	0	0	-0	0	-0	0	0	0	0	2.442e-07
2	2	0.0002857143	0.0031536163	0.0044	0.0063155889	0	0	-0	0	-0	0	0	0	0	2.442e-07
2	2	0.0002857143	0.0031536163	0.0044	0.0063155889	0	0	-0	0	-0	0	0	0	0	2.442e-07
2	2	0.0002857143	0.0031536163	0.0044	0.0063155889	0	0	-0	0	0	0	0	0	0	2.442e-07
2	2	0.0002857143	0.0031536163	0.0044	0.0063155889	0	0	-0	0	0	0	0	0	0	2.442e-07
2	2	0.0002857143	0.0031536163	0.0044	0.0063155889	0	0	-0	0	0	0	-0	0	-0	2.442e-07
2	2	0.0002857143	0.0031536163	0.0044	0.0063155889	0	0	-0	0	0	0	-0	0	-0	2.442e-07
2	2	0.0002857143	0.0031536163	0.0044	0.0063155889	0	0	-0	0	0	0	-0	0	-0	2.442e-07
2	2	0.0002857143	0.0031536163	0.0044	0.0063155889	0	0	-0	0	-0	0	-0	0	-0	2.442e-07
2	2	0.0002857143	0.0031536163	0.0044	0.0063155889	0	0	-0	0	-0	0	-0	0	-0	2.442e-07
2	2	0.0002857143	0.0031536163	0.0044	0.0063155889	0	0	-0	0	-0	0	-0	0	-0	2.442e-07
2	2	0.0002857143	0.0031536163	0.0044	0.0063155889	0	0	-0	0	-0	0	-0	0	0	2.442e-07
2	2	0.0002857143	0.0031536163	0.0044	0.0063155889	0	0	-0	0	-0	0	0	0	0	2.442e-07
2	2	0.0002857143	0.0031536163	0.0044	0.0063155889	0	0	-0	0	-0	0	0	0	0	2.442e-07
2	2	0.0002857143	0.0031536163	0.0044	0.0063155889	0	0	-0	0	-0	0	0	0	0	2.442e-07
2	2	0.0002857143	0.0031536163	0.0044	0.0063155889	0	0	-0	0	-0	0	0	0	0	2.442e-07
2	2	0.0002857143	0.0031536163	0.0044	0.0063155889	0	0	-0	0	-0	0	0	0	0	2.442e-07
2	2	0.0002857143	0.0031536163	0.0044	0.0063155889	0	0	-0	0	-0	0	0	0	0	2.442e-07
2	2	0.0002857143	0.0031536163	0.0044	0.0063155889	0	0	-0	0	-0	0	0	0	0	2.442e-07
2	2	0.0002857143	0.0031536163	0.0044	0.0063155889	0	0	-0	0	-0	0	0	0	0	2.442e-07
2	2	0.0002857143	0.0031536163	0.0044	0.0063155889	0	0	-0	0	-0	0	0	0	0	2.442e-07
2	2	0.0002857143	0.0031536163	0.0044	0.0063155889	0	0	-0	0	-0	0	0	0	0	2.442e-07
2	2	0.0002857143	0.0031536163	0.0044	0.0063155889	0	0	-0	0	-0	0	0	0	0	2.442e-07
2	2	0.0002857143	0.0031536163	0.0044	0.0063155889	0	0	-0	0	-0	0	0	0	0	2.442e-07
2	2	0.0002857143	0.0031536163	0.0044	0.0063155889	0	0	-0	0	-0	0	0	0	0	2.442e-07
2	2	0.0002857143	0.0031536163	0.0044	0.0063155889	0	0	-0	0	-0	0	0	0	0	2.442e-07
2	2	0.0002857143	0.0031536163	0.0044	0.0063155889	0	0	-0	0	-0	0	0	0	0	2.442e-07
2	2	0.0002857143	0.0031536163	0.0044	0.0063155889	0	0	-0	0	-0	0	0	0	0	2.442e-07
2	2	0.0002857143	0.0031536163	0.0044	0.0063155889	0	0	-0	0	-0	0	0	0	0	2.442e-07
2	2	0.0002857143	0.0031536163	0.0044	0.0063155889	0	0	-0	0	-0	0	0	0	0	2.442e-07
2	2	0.0002857143	0.0031536163	0.0044	0.0063155889	0	0	-0	0	-0	0	0	0	0	2.442e-07
2	2	0.0002857143	0.0031536163	0.0044	0.0063155889	0	0	-0	0	-0	0	0	0	0	2.442e-07
2	2	0.0002857143	0.0031536163	0.0044	0.0063155889	0	0	-0	0	-0	0	0	0	0	2.442e-07
2	2	0.0002857143	0.0031536163	0.0044	0.0063155889	0	0	-0	0	-0	0	0	0	0	2.442e-07
2	2	0.0002857143	0.0031536163	0.0044	0.0063155889	0	0	-0	0	-0	0	0	0	0	2.442e-07
2	2	0.0002857143	0.0031536163	0.0044	0.0063155889	0	0	-0	0	-0	0	0	0	0	2.442e-07
2	2	0.0002857143	0.0031536163	0.0044	0.0063155889	0	0	-0	0	-0	0	0	0	0	2.442e-07
2	2	0.0002857143	0.0031536163	0.0044	0.0063155889	0	0	-0	0	-0	0	0	0	0	2.442e-07
2	2	0.0002857143	0.0031536163	0.0044	0.0063155889	0	0	-0	0	-0	0	0	0	0	2.442e-07
2	2	0.0002857143	0.0031536163	0.0044	0.0063155889	0	0	-0	0	-0	0	0	0	0	2.442e-07
2	2	0.0002857143	0.0031536163	0.0044	0.0063155889	0	0	-0	0	-0	0	0	0	0	2.442e-07
2	2	0.0002857143	0.0031536163	0.0044	0.0063155889	0	0	-0	0	-0	0	0	0	0	2.442e-07
2	2	0.0002857143	0.0031536163	0.0044	0.0063155889	0	0	-0	0	-0	0	0	0	0	2.442e-07
2	2	0.0002857143	0.0031536163	0.0044	0.0063155889	0	0	-0	0	-0	0	0	0	0	2.442e-07
2	2	0.0002857143	0.0031536163	0.0044	0.0063155889	0	0	-0	0	-0	0	0	0	0	2.442e-07
2	2	0.0002857143	0.0031536163	0.0044	0.0063155889	0	0	-0	0	-0	0	0	0	0	2.442e-07
2	2	0.0002857143	0.0031536163	0.0044	0.0063155889	0	0	-0	0	-0	0	0	0	0	2.442e-07
2	2	0.0002857143	0.0031536163	0.0044	0.0063155889	0	0	-0	0	-0	0	0	0	0	2.442e-07
2	2	0.0002857143	0.0031536163	0.0044	0.0063155889	0	0	-0	0	-0	0	0	0	0	2.442e-07
2	2	0.0002857143	0.0031536163	0.0044	0.0063155889	0	0	-0	0	-0	0	0	0	0	2.442e-07
2	2	0.0002857143	0.0031536163	0.0044	0.0063155889	0	0	-0	0	-0	0	0	0	0	2.442e-07
2	2	0.0002857143	0.0031536163	0.0044	0.0063155889	0	0	-0	0	-0	0	0	0	0	2.442e-07
2	2	0.0002857143	0.0031536163	0.0044	0.0063155889	0	0	-0	0	-0	0	0	0	0	2.442e-07
2	2	0.0002857143	0.0031536163	0.0044	0.0063155889	0	0	-0	0	-0	0	0	0	0	2.442e-07
2	2	0.0002857143	0.0031536163	0.0044	0.0063155889	0	0	-0	0	-0	0	0	0	0	2.442e-07
2	2	0.0002857143	0.0031536163	0.0044	0.0063155889	0	0	-0	0	-0	0	0	0	0	2.442e-07
2	2	0.0002857143	0.0031536163	0.0044	0.0063155889	0	0	-0	0	-0	0	0	0	0	2.442e-07
2	2	0.0002857143	0.0031536163	0.0044	0.0063155889	0	0	-0	0	-0	0	0	0	0	2.442e-07
2	2	0.0002857143	0.0031536163	0.0044	0.0063155889	0	0	-0	0	-0	0	0	0	0	2.442e-07
2	2	0.0002857143	0.0031536163	0.0044	0.0063155889	0	0	-0	0	-0	0	0	0	0	2.442e-07
2	2	0.0002857143	0.0031536163	0.0044	0.0063155889	0	0	-0	0	-0	0	0	0	0	2.442e-07
2	2	0.0002857143	0.0031536163	0.0044	0.0063155889	0	0	-0	0	-0	0	0	0	0	2.442e-07
2	2	0.0002857143	0.0031536163	0.0044	0.0063155889	0	0	-0	0	-0	0	0	0	0	2.442e-07
2	2	0.0002857143	0.0031536163	0.0044	0.0063155889	0	0	-0	0	-0	0	0	0	0	2.442e-07
2	2	0.0002857143	0.0031536163	0.0044	0.0063155889	0	0	-0	0	-0	0	0	0	0	2.442e-07
2	2	0.0002857143	0.0031536163	0.0044	0.0063155889	0	0	-0	0	-0	0	0	0	0	2.442e-07
2	2	0.0002857143	0.0031536163	0.0044	0.0063155889	0	0	-0	0	-0	0	0	0	0	2.442e-07
2	2	0.0002857143	0.0031536163	0.0044	0.0063155889	0	0	-0	0	-0	0	0	0	0	2.442e-07
2	2	0.0002857143	0.0031536163	0.0044	0.0063155889	0	0	-0	0	-0	0	0	0	0	2.442e-07
2	2	0.0002857143	0.0031536163	0.0044	0.0063155889	0	0	-0	0	-0	0	0	0	0	2.442e-07
2	2	0.0002857143	0.0031536163	0.0044	0.0063155889	0	0	-0	0	-0	0	0	0	0	2.442e-07
2	2	0.0002857143	0.0031536163	0.0044	0.0063155889	0	0	-0	0	-0	0	0	0	0	2.442e-07
2	2	0.0002857143	0.0031536163	0.0044	0.0063155889	0	0	-0	0	-0	0	0	0	0	2.442e-07
2	2	0.0002857143	0.0031536163	0.0044	0.0063155889	0	0	-0	0	-0	0	0	0	0	2.442e-07
2	2	0.0002857143	0.0031536163	0.0044	0.0063155889	0	0	-0	0	-0	0	0	0	0	2.442e-07
2	2	0.0002857143	0.0031536163	0.0044	0.0063155889	0	0	-0	0	-0	0	0	0	0	2.442e-07
2	2	0.0002857143	0.0031536163	0.0044	0.0063155889	0	0	-0	0	-0	0	0	0	0	2.442e-07
2	2	0.0002857143	0.0031536163	0.0044	0.0063155889	0	0	-0	0	-0	0	0	0	0	2.442e-07
2	2	0.0002857143	0.0031536163	0.0044	0.0063155889	0	0	-0	0	-0	0	0	0	0	2.442e-07
2	2	0.0002857143	0.0031536163	0.0044	0.0063155889	0	0	-0	0	-0	0	0	0	0	2.442e-07
2	2	0.0002857143	0.0031536163	0.0044	0.0063155889	0	0	-0	0	-0	0	0	0	0	2.442e-07
2	2	0.0002857143	0.0031536163	0.0044	0.0063155889	0	0	-0	0	-0	0	0	0	0	2.442e-07
2	2	0.0002857143	0.0031536163	0.0044	0.0063155889	0	0	-0	0	-0	0	0	0	0	2.442e-07
2	2	0.0002857143	0.0031536163	0.0044	0.0063155889	0	0	-0	0	-0	0	0	0	0	2.442e-07
2	2	0.0002857143	0.0031536163	0.0044	0.0063155889	0	0	-0	0	-0	0	0	0	0	2.442e-07
2	2	0.0002857143	0.0031536163	0.0044	0.0063155889	0	0	-0	0	-0	0	0	0	0	2.442e-07
2	2	0.0002857143	0.0031536163	0.0044	0.0063155889	0	0	-0	0	-0	0	0	0	0	2.442e-07
2	2	0.0002857143	0.0031536163	0.0044	0.0063155889	0	0	-0	0	-0	0	0	0	0	2.442e-07
2	2	0.0002857143	0.0031536163	0.0044	0.0063155889	0	0	-0	0	-0	0	0	0	0	2.442e-07
2	2	0.0002857143	0.0031536163	0.0044	0.0063155889	0	0	-0	0	-0	0	0	0	0	2.442e-07
2	2	0.0002857143	0.0031536163	0.0044	0.0063155889	0	0	-0	0	-0	0	0	0	0	2.442e-07
2	2	0.0002857143	0.0031536163	0.0044	0.0063155889	0	0	-0	0	-0	0	0	0	0	2.442e-07
2	2	0.0002857143	0.0031536163	0.0044	0.0063155889	0	0	-0	0	-0	0	0	0	0	2.442e-07
2	2	0.0002857143	0.0031536163	0.0044	0.0063155889	0	0	-0	0	-0	0	0	0	0	2.442e-07
2	2	0.0002857143	0.0031536163	0.0044	0.0063155889	0	0	-0	0	-0	0	0	0	0	2.442e-07
2	2	0.0002857143	0.0031536163	0.0044	0.0063155889	0	0	-0	0	-0	0	0	0	0	2.442e-07
2	2	0.0002857143	0.0031536163	0.0044	0.0063155889	0	0	-0	0	-0	0	0	0	0	2.442e-07
2	2	0.0002857143	0.0031536163	0.0044	0.0063155889	0	0	-0	0	-0	0	0	0	0	2.442e-07
2	2	0.0002857143	0.0031536163	0.0044	0.0063155889	0	0	-0	0	-0	0	0	0	0	2.442e-07
2	2	0.0002857143	0.0031536163	0.0044	0.0063155889	0	0	-0	0	-0	0	0	0	0	2.442e-07
2	2	0.0002857143	0.0031536163	0.0044	0.0063155889	0	0	-0	0	-0	0	0	0	0	2.442e-07
2	2	0.0002857143	0.0031536163	0.0044	0.0063155889	0	0	-0	0	-0	0	0	0	0	2.442e-07
2	2	0.0002857143	0.0031536163	0.0044	0.0063155889	0	0	-0	0	-0	0	0	0	0	2.442e-07
2	2	0.0002857143	0.0031536163	0.0044	0.0063155889	0	0	-0	0	-0	0	0	0	0	2.442e-07
2	2	0.0002857143	0.0031536163	0.0044	0.0063155889	0	0	-0	0	-0	0	0	0	0	2.442e-07
2	2	0.0002857143	0.0031536163	0.0044	0.0063155889	0	0	-0	0	-0	0	0	0	0	2.442e-07
2	2	0.0002857143	0.0031536163	0.0044	0.0063155889	0	0	-0	0	-0	0	0	0	0	2.442e-07
2	2	0.0002857143	0.0031536163	0.0044	0.0063155889	0	0	-0	0	-0	0	0	0	0	2.442e-07
2	2	0.0002857143	0.0031536163	0.0044	0.0063155889	0	0	-0	0	-0	0	0	0	0	2.442e-07
2	2	0.0002857143	0.0031536163	0.0044	0.0063155889	0	0	-0	0	-0	0	0	0	0	2.442e-07
2	2	0.0002857143	0.0031536163	0.0044	0.0063155889	0	0	-0	0	-0	0	0	0	0	2.442e-07
2	2	0.0002857143	0.0031536163	0.0044	0.0063155889	0	0	-0	0	-0	0	0	0	0	2.442e-07
2	2	0.0002857143	0.0031536163	0.0044	0.0063155889	0	0	-0	0	-0	0	0	0	0	2.442e-07
2	2	0.0002857143	0.0031536163	0.0044	0.0063155889	0	0	-0	0	-0	0	0	0	0	2.442e-07
2	2	0.0002857143	0.0031536163	0.0044	0.0063155889	0	0	-0	0	-0	0	0	0	0	2.442e-07
2	2	0.0002857143	0.0031536163	0.0044	0.0063155889	0	0	-0	0	-0	0	0	0	0	2.442e-07
2	2	0.0002857143	0.0031536163	0.0044	0.0063155889	0	0	-0	0	-0	0	0	0	0	2.442e-07
2	2	0.0002857143	0.0031536163	0.0044	0.0063155889	0	0	-0	0	-0	0	0	0	0	2.442e-07
2	2	0.0002857143	0.0031536163	0.0044	0.0063155889	0	0	-0	0	-0	0	0	0	0	2.442e-07
2	2	0.0002857143	0.0031536163	0.0044	0.0063155889	0	0	-0	0	-0	0	0	0	0	2.442e-07
2	2	0.0002857143	0.0031536163	0.0044	0.0063155889	0	0	-0	0	-0	0	0	0	0	2.442e-07
2	2	0.0002857143	0.0031536163	0.0044	0.0063155889	0	0	-0	0	-0	0	0	0	0	2.442e-07
2	2	0.0002857143	0.0031536163	0.0044	0.0063155889	0	0	-0	0	-0	0	0	0	0	2.442e-07
2	2	0.0002857143	0.0031536163	0.0044	0.0063155889	0	0	-0	0	-0	0	0	0	0	2.442e-07
2	2	0.0002857143	0.0031536163	0.0044	0.0063155889	0	0	-0	0	-0	0	0	0	0	2.442e-07
2	2	0.0002857143	0.0031536163	0.0044	0.0063155889	0	0	-0	0	-0	0	0	0	0	2.442e-07
2	2	0.0002857143	0.0031536163	0.0044	0.0063155889	0	0	-0	0	-0	0	0	0	0	2.442e-07
2	2	0.0002857143	0.0031536163	0.0044	0.0063155889	0	0	-0	0	-0	0	0	0	0	2.442e-07
2	2	0.0002857143	0.0031536163	0.0044	0.0063155889	0	0	-0	0	-0	0	0	0	0	2.442e-07
2	2	0.0002857143	0.0031536163	0.0044	0.0063155889	0	0	-0	0	-0	0	0	0	0	2.442e-07
2	2	0.0002857143	0.0031536163	0.0044	0.0063155889	0	0	-0	0	-0	0	0	0	0	2.442e-07
2	2	0.0002857143	0.0031536163	0.0044	0.0063155889	0	0	-0	0	-0	0	0	0	0	2.442e-07
2	2	0.0002857143	0.0031536163	0.0044	0.0063155889	0	0	-0	0	-0	0	0	0	0	2.442e-07
2	2	0.0002857143	0.0031536163	0.0044	0.0063155889	0	0	-0	0	-0	0	0	0	0	2.442e-07
2	2	0.0002857143	0.0031536163	0.0044	0.0063155889	0	0	-0	0	-0	0	0	0	0	2.442e-07
2	2	0.0002857143	0.0031536163	0.0044	0.0063155889	0	0	-0	0	-0	0	0	0	0	2.442e-07
2	2	0.0002857143	0.0031536163	0.0044	0.0063155889	0	0	-0	0	-0	0	0	0	0	2.442e-07
2	2	0.0002857143	0.0031536163	0.0044	0.0063155889	0	0	-0	0	-0	0	0	0	0	2.442e-07
2	2	0.0002857143	0.0031536163	0.0044	0.0063155889	0	0	-0	0	-0	0	0	0	0	2.442e-07
2	2	0.0002857143	0.0031536163	0.0044	0.0063155889	0	0	-0	0	-0	0	0	0	0	2.442e-07
2	2	0.0002857143	0.0031536163	0.0044	0.0063155889	0	0	-0	0	-0	0	0	0	0	2.442e-07
2	2	0.0002857143	0.0031536163	0.0044	0.0063155889	0	0	-0	0	-0	0	0	0	0	2.442e-07
2	2	0.0002857143	0.0031536163	0.0044	0.0063155889	0	0	-0	0	-0	0	0	0	0	2.442e-07
2	2	0.0002857143	0.0031536163	0.0044	0.0063155889	0	0	-0	0	-0	0	0	0	0	2.442e-07
2	2	0.0002857143	0.0031536163	0.0044	0.0063155889	0	0	-0	0	-0	0	0	0	0	2.442e-07
2	2	0.0002857143	0.0031536163	0.0044	0.0063155889	0	0	-0	0	-0	0	0	0	0	2.442e-07
2	2	0.0002857143	0.0031536163	0.0044	0.0063155889	0	0	-0	0	-0	0	0	0	0	2.442e-07
2	2	0.0002857143	0.0031536163	0.0044	0.0063155889	0	0	-0	0	-0	0	0	0	0	2.442e-07
2	2	0.0002857143	0.0031536163	0.0044	0.0063155889	0	0	-0	0	-0	0	0	0	0	2.442e-07
2	2	0.0002857143	0.0031536163	0.0044	0.0063155889	0	0	-0	0	-0	0	0	0	0	2.442e-07
2	2	0.0002857143	0.0031536163	0.0044	0.0063155889	0	0	-0	0	-0	0	0	0	0	2.442e-07
2	2	0.0002857143	0.0031536163	0.0044	0.0063155889	0	0	-0	0	-0	0	0	0	0	2.442e-07
2	2	0.0002857143	0.0031536163	0.0044	0.0063155889	0	0	-0	0	-0	0	0	0	0	2.442e-07
2	2	0.0002857143	0.0031536163	0.0044	0.0063155889	0	0	-0	0	-0	0	0	0	0	2.442e-07
2	2	0.0002857143	0.0031536163	0.0044	0.0063155889	0	0	-0	0	-0	0	0	0	0	2.442e-07
2	2	0.0002857143	0.0031536163	0.0044	0.0063155889	0	0	-0	0	-0	0	0	0	0	2.442e-07
2	2	0.0002857143	0.0031536163	0.0044	0.0063155889	0	0	-0	0	-0	0	0	0	0	2.442e-07
2	2	0.0002857143	0.0031536163	0.0044	0.0063155889	0	0	-0	0	-0	0	0	0	0	2.442e-07
2	2	0.0002857143	0.0031536163	0.0044	0.0063155889	0	0	-0	0	-0	0	0	0	0	2.442e-07
2	2	0.0002857143	0.0031536163	0.0044	0.0063155889	0	0	-0	0	-0	0	0	0	0	2.442e-07
2	2	0.0002857143	0.0031536163	0.0044	0.0063155889	0	0	-0	0	-0	0	0	0	0	2.442e-07
2	2	0.0002857143	0.0031536163	0.0044	0.0063155889	0	0	-0	0	-0	0	0	0	0	2.442e-07
2	2	0.0002857143	0.0031536163	0.0044	0.0063155889	0	0	-0	0	-0	0	0	0	0	2.442e-07
2	2	0.0002857143	0.0031536163	0.0044	0.0063155889	0	0	-0	0	-0	0	0	0	0	2.442e-07
2	2	0.0002857143	0.0031536163	0.0044	0.0063155889	0	0	-0	0	-0	0	0	0	0	2.442e-07
2	2	0.0002857143	0.0031536163	0.0044	0.0063155889	0	0	-0	0	-0	0	0	0	0	2.442e-07
2	2	0.0002857143	0.0031536163	0.0044	0.0063155889	0	0	-0	0	-0	0	0	0	0	2.442e-07
2	2	0.0002857143	0.0031536163	0.0044	0.0063155889	0	0	-0	0	-0	0	0	0	0	2.442e-07
2	2	0.0002857143	0.0031536163	0.0044	0.0063155889	0	0	-0	0	-0	0	0	0	0	2.442e-07
2	2	0.0002857143	0.0031536163	0.0044	0.0063155889	0	0	-0	0	-0	0	0	0	0	2.442e-07
2	2	0.0002857143	0.0031536163	0.0044	0.0063155889	0	0	-0	0	-0	0	0	0	0	2.442e-07
2	2	0.0002857143	0.0031536163	0.0044	0.0063155889	0	0	-0	0	-0	0	0	0	0	2.442e-07
2	2	0.0002857143	0.0031536163	0.0044	0.0063155889	0	0	-0	0	-0	0	0	0	0	2.442e-07
2	2	0.0002857143	0.0031536163	0.0044	0.0063155889	0	0	-0	0	-0	0	0	0	0	2.442e-07
2	2	0.0002857143	0.0031536163	0.0044	0.0063155889	0	0	-0	0	-0	0	0	0	0	2.442e-07
2	2	0.0002857143	0.0031536163	0.0044	0.0063155889	0	0	-0	0	-0	0	0	0	0	2.442e-07
2	2	0.0002857143	0.0031536163	0.0044	0.0063155889	0	0	-0	0	-0	0	0	0	0	2.442e-07
2	2	0.0002857143	0.0031536163	0.0044	0.0063155889	0	0	-0	0	-0	0	0	0	0	2.442e-07
2	2	0.0002857143	0.0031536163	0.0044	0.0063155889	0	0	-0	0	-0	0	0	0	0	2.442e-07
2	2	0.0002857143	0.0031536163	0.0044	0.0063155889	0	0	-0	0	-0	0	0	0	0	2.442e-07
2	2	0.0002857143	0.0031536163	0.0044	0.0063155889	0	0	-0	0	-0	0	0	0	0	2.442e-07
2	2	0.0002857143	0.0031536163	0.0044	0.0063155889	0	0	-0	0	-0	0	0	0	0	2.442e-07
2	2	0.0002857143	0.0031536163	0.0044	0.0063155889	0	0	-0	0	-0	0	0	0	0	2.442e-07
2	2	0.0002857143	0.0031536163	0.0044	0.0063155889	0	0	-0	0	-0	0	0	0	0	2.442e-07
2	2	0.0002857143	0.0031536163	0.0044	0.0063155889	0	0	-0	0	-0	0	0	0	0	2.442e-07
2	2	0.0002857143	0.0031536163	0.0044	0.0063155889	0	0	-0	0	-0	0	0	0	0	2.442e-07
2	2	0.0002857143	0.0031536163	0.0044	0.0063155889	0	0	-0	0	-0	0	0	0	0	2.442e-07
2	2	0.0002857143	0.0031536163	0.0044	0.0063155889	0	0	-0	0	-0	0	0	0	0	2.442e-07
2	2	0.0002857143	0.0031536163	0.0044	0.0063155889	0	0	-0	0	-0	0	0	0	0	2.442e-07
2	2	0.0002857143	0.0031536163	0.0044	0.0063155889	0	0	-0	0	-0	0	0	0	0	2.442e-07
2	2	0.0002857143	0.0031536163	0.0044	0.0063155889	0	0	-0	0	-0	0	0	0	0	2.442e-07
2	2	0.0002857143	0.0031536163	0.0044	0.0063155889	0	0	-0	0	-0	0	0	0	0	2.442e-07
2	2	0.0002857143	0.0031536163	0.0044	0.0063155889	0	0	-0	0	-0	0	0	0	0	2.442e-07
2	2	0.0002857143	0.0031536163	0.0044	0.0063155889	0	0	-0	0	-0	0	0	0	0	2.442e-07
2	2	0.0002857143	0.0031536163	0.0044	0.0063155889	0	0	-0	0	-0	0	0	0	0	2.442e-07
2	2	0.0002857143	0.0031536163	0.0044	0.0063155889	0	0	-0	0	-0	0	0	0	0	2.442e-07
2	2	0.0002857143	0.0031536163	0.0044	0.0063155889	0	0	-0	0	-0	0	0	0	0	2.442e-07
2	2	0.0002857143	0.0031536163	0.0044	0.0063155889	0	0	-0	0	-0	0	0	0	0	2.442e-07
2	2	0.0002857143	0.0031536163	0.0044	0.0063155889	0	0	-0	0	-0	0	0	0	0	2.442e-07
2	2	0.0002857143	0.0031536163	0.0044	0.0063155889	0	0	-0	0	-0	0	0	0	0	2.442e-07
2	2	0.0002857143	0.0031536163	0.0044	0.0063155889	0	0	-0	0	-0	0	0	0	0	2.442e-07
2	2	0.0002857143	0.0031536163	0.0044	0.0063155889	0	0	-0	0	-0	0	0	0	0	2.442e-07
2	2	0.0002857143	0.0031536163	0.0044	0.0063155889	0	0	-0	0	-0	0	0	0	0	2.442e-07
2	2	0.0002857143	0.0031536163	0.0044	0.0063155889	0	0	-0	0	-0	0	0	0	0	2.442e-07
2	2	0.0002857143	0.0031536163	0.0044	0.0063155889	0	0	-0	0	-0	0	0	0	0	2.442e-07
2	2	0.0002857143	0.0031536163	0.0044	0.0063155889	0	0	-0	0	-0	0	0	0	0	2.442e-07
2	2	0.0002857143	0.0031536163	0.0044	0.0063155889	0	0	-0	0	-0	0	0	0	0	2.442e-07
2	2	0.0002857143	0.0031536163	0.0044	0.0063155889	0	0	-0	0	-0	0	0	0	0	2.442e-07
2	2	0.0002857143	0.0031536163	0.0044	0.0063155889	0	0	-0	0	-0	0	0	0	0	2.442e-07
2	2	0.0002857143	0.0031536163	0.0044	0.0063155889	0	0	-0	0	-0	0	0	0	0	2.442e-07
2	2	0.0002857143	0.0031536163	0.0044	0.0063155889	0	0	-0	0	-0	0	0	0	0	2.442e-07
2	2	0.0002857143	0.0031536163	0.0044	0.0063155889	0	0	-0	0	-0	0	0	0	0	2.442e-07
2	2	0.0002857143	0.0031536163	0.0044	0.0063155889	0	0	-0	0	-0	0	0	0	0	2.442e-07
2	2	0.0002857143	0.0031536163	0.0044	0.0063155889	0	0	-0	0	-0	0	0	0	0	2.442e-07
2	2	0.0002857143	0.0031536163	0.0044	0.0063155889	0	0	-0	0	-0	0	0	0	0	2.442e-07
2	2	0.0002857143	0.0031536163	0.0044	0.0063155889	0	0	-0	0	-0	0	0	0	0	2.442e-07
2	2	0.0002857143	0.0031536163	0.0044	0.0063155889	0	0	-0	0	-0	0	0	0	0	2.442e-07
2	2	0.0002857143	0.0031536163	0.0044	0.0063155889	0	0	-0	0	-0	0	0	0	0	2.442e-07
2	2	0.0002857143	0.0031536163	0.0044	0.0063155889	0	0	-0	0	-0	0	0	0	0	2.442e-07
2	2	0.0002857143	0.0031536163	0.0044	0.0063155889	0	0	-0	0	-0	0	0	0	0	2.442e-07
2	2	0.0002857143	0.0031536163	0.0044	0.0063155889	0	0	-0	0	-0	0	0	0	0	2.442e-07
2	2	0.0002857143	0.0031536163	0.0044	0.0063155889	0	0	-0	0	-0	0	0	0	0	2.442e-07
2	2	0.0002857143	0.0031536163	0.0044	0.0063155889	0	0	-0	0	-0	0	0	0	0	2.442e-07
2	2	0.0002857143	0.0031536163	0.0044	0.0063155889	0	0	-0	0	-0	0	0	0	0	2.442e-07
2	2	0.0002857143	0.0031536163	0.0044	0.0063155889	0	0	-0	0	-0	0	0	0	0	2.442e-07
2	2	0.0002857143	0.0031536163	0.0044	0.0063155889	0	0	-0	0	-0	0	0	0	0	2.442e-07
2	2	0.0002857143	0.0031536163	0.0044	0.0063155889	0	0	-0	0	-0	0	0	0	0	2.442e-07
2	2	0.0002857143	0.0031536163	0.0044	0.0063155889	0	0	-0	0	-0	0	0	0	0	2.442e-07
2	2	0.0002857143	0.0031536163	0.0044	0.0063155889	0	0	-0	0	-0	0	0	0	0	2.442e-07
2	2	0.0002857143	0.0031536163	0.0044	0.0063155889	0	0	-0	0	-0	0	0	0	0	2.442e-07
2	2	0.0002857143	0.0031536163	0.0044	0.0063155889	0	0	-0	0	-0	0	0	0	0	2.442e-07
2	2	0.0002857143	0.0031536163	0.0044	0.0063155889	0	0	-0	0	-0	0	0	0	0	2.442e-07
2	2	0.0002857143	0.0031536163	0.0044	0.0063155889	0	0	-0	0	-0	0	0	0	0	2.442e-07
2	2	0.0002857143	0.0031536163	0.0044	0.0063155889	0	0	-0	0	-0	0	0	0	0	2.442e-07
2	2	0.0002857143	0.0031536163	0.0044	0.0063155889	0	0	-0	0	-0	0	0	0	0	2.442e-07
2	2	0.0002857143	0.0031536163	0.0044	0.0063155889	0	0	-0	0	-0	0	0	0	0	2.442e-07
2	2	0.0002857143	0.0031536163	0.0044	0.0063155889	0	0	-0	0	-0	0	0	0	0	2.442e-07
2	2	0.0002857143	0.0031536163	0.0044	0.0063155889	0	0	-0	0	-0	0	0	0	0	2.442e-07
2	2	0.0002857143	0.0031536163	0.0044	0.0063155889	0	0	-0	0	-0	0	0	0	0	2.442e-07
2	2	0.0002857143	0.0031536163	0.0044	0.0063155889	0	0	-0	0	-0	0	0	0	0	2.442e-07
2	2	0.0002857143	0.0031536163	0.0044	0.0063155889	0	0	-0	0	-0	0	0	0	0	2.442e-07
2	2	0.0002857143	0.0031536163	0.0044	0.0063155889	0	0	-0	0	-0	0	0	0	0	2.442e-07
2	2	0.0002857143	0.0031536163	0.0044	0.0063155889	0	0	-0	0	-0	0	0	0	0	2.442e-07
2	2	0.0002857143	0.0031536163	0.0044	0.0063155889	0	0	-0	0	-0	0	0	0	0	2.442e-07
2	2	0.0002857143	0.0031536163	0.0044	0.0063155889	0	0	-0	0	-0	0	0	0	0	2.442e-07
2	2	0.0002857143	0.0031536163	0.0044	0.0063155889	0	0	-0	0	-0	0	0	0	0	2.442e-07
2	2	0.0002857143	0.0031536163	0.0044	0.0063155889	0	0	-0	0	-0	0	0	0	0	2.442e-07
2	2	0.0002857143	0.0031536163	0.0044	0.0063155889	0	0	-0	0	-0	0	0	0	0	2.442e-07
2	2	0.0002857143	0.0031536163	0.0044	0.0063155889	0	0	-0	0	-0	0	0	0	0	2.442e-07
2	2	0.0002857143	0.0031536163	0.0044	0.0063155889	0	0	-0	0	-0	0	0	0	0	2.442e-07
2	2	0.0002857143	0.0031536163	0.0044	0.0063155889	0	0	-0	0	-0	0	0	0	0	2.442e-07
2	2	0.0002857143	0.0031536163	0.0044	0.0063155889	0	0	-0	0	-0	0	0	0	0	2.442e-07
2	2	0.0002857143	0.0031536163	0.0044	0.0063155889	0	0	-0	0	-0	0	0	0	0	2.442e-07
2	2	0.0002857143	0.0031536163	0.0044	0.0063155889	0	0	-0	0	-0	0	0	0	0	2.442e-07
2	2	0.0002857143	0.0031536163	0.0044	0.0063155889	0	0	-0	0	-0	0	0	0	0	2.442e-07
2	2	0.0002857143	0.0031536163	0.0044	0.0063155889	0	0	-0	0	-0	0	0	0	0	2.442e-07
2	2	0.0002857143	0.0031536163	0.0044	0.0063155889	0	0	-0	0	-0	0	0	0	0	2.442e-07
2	2	0.0002857143	0.0031536163	0.0044	0.0063155889	0	0	-0	0	-0	0	0	0	0	2.442e-07
2	2	0.0002857143	0.0031536163	0.0044	0.0063155889	0	0	-0	0	-0	0	0	0	0	2.442e-07
2	2	0.0002857143	0.0031536163	0.0044	0.0063155889	0	0	-0	0	-0	0	0	0	0	2.442e-07
2	2	0.0002857143	0.0031536163	0.0044	0.0063155889	0	0	-0	0	-0	0	0	0	0	2.442e-07
2	2	0.0002857143	0.0031536163	0.0044	0.0063155889	0	0	-0	0	-0	0	0	0	0	2.442e-07
2	2	0.0002857143	0.0031536163	0.0044	0.0063155889	0	0	-0	0	-0	0	0	0	0	2.442e-07
2	2	0.0002857143	0.0031536163	0.0044	0.0063155889	0	0	-0	0	-0	0	0	0	0	2.442e-07
2	2	0.0002857143	0.0031536163	0.0044	0.0063155889	0	0	-0	0	-0	0	0	0	0	2.442e-07
2	2	0.0002857143	0.0031536163	0.0044	0.0063155889	0	0	-0	0	-0	0	0	0	0	2.442e-07
2	2	0.0002857143	0.0031536163	0.0044	0.0063155889	0	0	-0	0	-0	0	0	0	0	2.442e-07
2	2	0.0002857143	0.0031536163	0.0044	0.0063155889	0	0	-0	0	-0	0	0	0	0	2.442e-07
2	2	0.0002857143	0.0031536163	0.0044	0.0063155889	0	0	-0	0	-0	0	0	0	0	2.442e-07
2	2	0.0002857143	0.0031536163	0.0044	0.0063155889	0	0	-0	0	-0	0	0	0	0	2.442e-07
2	2	0.0002857143	0.0031536163	0.0044	0.0063155889	0	0	-0	0	-0	0	0	0	0	2.442e-07
2	2	0.0002857143	0.0031536163	0.0044	0.0063155889	0	0	-0	0	-0	0	0	0	0	2.442e-07
2	2	0.0002857143	0.0031536163	0.0044	0.0063155889	0	0	-0	0	-0	0	0	0	0	2.442e-07
2	2	0.0002857143	0.0031536163	0.0044	0.0063155889	0	0	-0	0	-0	0	0	0	0	2.442e-07
2	2	0.0002857143	0.0031536163	0.0044	0.0063155889	0	0	-0	0	-0	0	0	0	0	2.442e-07
2	2	0.0002857143	0.0031536163	0.0044	0.0063155889	0	0	-0	0	-0	0	0	0	0	2.442e-07
2	2	0.0002857143	0.0031536163	0.0044	0.0063155889	0	0	-0	0	-0	0	0	0	0	2.442e-07
2	2	0.0002857143	0.0031536163	0.0044	0.0063155889	0	0	-0	0	-0	0	0	0	0	2.442e-07
2	2	0.0002857143	0.0031536163	0.0044	0.0063155889	0	0	-0	0	-0	0	0	0	0	2.442e-07
2	2	0.0002857143	0.0031536163	0.0044	0.0063155889	0	0	-0	0	-0	0	0	0	0	2.442e-07
2	2	0.0002857143	0.0031536163	0.0044	0.0063155889	0	0	-0	0	-0	0	0	0	0	2.442e-07
2	2	0.0002857143	0.0031536163	0.0044	0.0063155889	0	0	-0	0	-0	0	0	0	0	2.442e-07
2	2	0.0002857143	0.0031536163	0.0044	0.0063155889	0	0	-0	0	-0	0	0	0	0	2.442e-07
2	2	0.0002857143	0.0031536163	0.0044	0.0063155889	0	0	-0	0	-0	0	0	0	0	2.442e-07
2	2	0.0002857143	0.0031536163	0.0044	0.0063155889	0	0	-0	0	-0	0	0	0	0	2.442e-07
2	2	0.0002857143	0.0031536163	0.0044	0.0063155889	0	0	-0	0	-0	0	0	0	0	2.442e-07
2	2	0.0002857143	0.0031536163	0.0044	0.0063155889	0	0	-0	0	-0	0	0	0	0	2.442e-07
2	2	0.0002857143	0.0031536163	0.0044	0.0063155889	0	0	-0	0	-0	0	0	0	0	2.442e-07
2	2	0.0002857143	0.0031536163	0.0044	0.0063155889	0	0	-0	0	-0	0	0	0	0	2.442e-07
2	2	0.0002857143	0.0031536163	0.0044	0.0063155889	0	0	-0	0	-0	0	0	0	0	2.442e-07
2	2	0.0002857143	0.0031536163	0.0044	0.0063155889	0	0	-0	0	-0	0	0	0	0	2.442e-07
2	2	0.0002857143	0.0031536163	0.0044	0.0063155889	0	0	-0	0	-0	0	0	0	0	2.442e-07
2	2	0.0002857143	0.0031536163	0.0044	0.0063155889	0	0	-0	0	-0	0	0	0	0	2.442e-07
