0	0	5	8	7	9	11	19	25	30	36	65	60	69	79	85	85	120	122	126	166	198	183	221	224	206	247	273	290	317	342	332	399	408	428	463	530	541	534	573	623	669	724	726	742	739	848	808	901	828	872	1052	993	1015	1083	1109	1197	1223	1245	1241	1345	1325	1360	1436	1522	1494	1497	1611	1661	1632	1719	1774	1844	1801	1874	1967	2024	2023	2024	2071	2068	2175	2217	2244	2309	2375	2486	2417	2454	2489	2513	2682	2708	2691	2751	2800	2850	2894	2918	2975	3063	3006	3106	3060	3188	3206	3240	3252	3304	3369	3375	3452	3421	3587	3607	3615	3698	3574	3760	3816	3813	3851	3892	3937	4009	4059	4019	4027	4211	4243	4152	4190	4307	4284	4346	4375	4404	4389	4545	4566	4591	4549	4617	4690	4695	4671	4732	4798	4743	4923	4869	4892	4887	5001	5012	5027	5116	5062	5164	5185	5169	5183	5204	5170	5333	5339	5261	5386	5384	5363	5452	5438	5488	5519	5679	5626	5615	5683	5626	5709	5712	5767	5866	5805	5790	5755	5964	5806	5914	5856	5935	5955	6110	6003	6078	6101	6110	6208	6107	6163	6187	6273	6290	6287	6218	6295	6423	6360	6351	6249	6309	6488	6420	6543	6373	6502	6372	6505	6560	6584	6470	6522	6573	6645	6566	6635	6647	6688	6706	6695	6707	6799	6725	6734	6878	6752	6830	6835	6805	6791	6906	6874	6882	6869	6868	6928	6922	6971	6991	7017	6957	6985	6958	7056	7057	7082	7095	7008	7114	7086	7102	7156	7122	7133	7082	7150	7200	7176	7201	7280	7163	7145	7164	7191	7213	7288	7377	7319	7230	7295	7263	7303	7311	7277	7337	7311	7293	7309	7346	7415	7453	7403	7393	7481	7459	7396	7423	7446	7378	7468	7536
0	3	4	10	21	20	31	44	65	72	85	126	122	152	139	174	204	267	245	266	344	370	346	411	475	505	490	605	611	640	707	788	745	836	875	895	1009	1018	1066	1113	1196	1236	1289	1392	1437	1425	1529	1644	1658	1770	1678	1829	1913	1898	2029	2070	2131	2187	2238	2327	2423	2471	2577	2542	2605	2702	2743	2804	2923	3043	3044	3067	3200	3241	3329	3268	3465	3521	3555	3645	3668	3661	3760	3839	4049	3972	3963	4056	4150	4214	4239	4348	4435	4450	4484	4606	4708	4639	4660	4712	4859	4896	4942	4917	5016	5106	5162	5202	5269	5266	5345	5337	5421	5387	5476	5536	5522	5612	5656	5637	5672	5733	5797	5971	5896	5977	5955	6087	5957	6160	6130	6171	6158	6216	6295	6275	6344	6437	6448	6406	6511	6483	6559	6518	6550	6584	6620	6716	6666	6819	6800	6825	6808	6814	6810	6949	6881	6940	6930	6920	7067	7085	7009	7057	7049	7172	7140	7173	7162	7126	7211	7184	7212	7254	7295	7305	7302	7448	7417	7370	7373	7410	7418	7347	7415	7388	7430	7407	7447	7488	7438	7462	7571	7523	7591	7541	7622	7603	7582	7641	7634	7633	7581	7601	7671	7655	7642	7717	7672	7672	7666	7668	7715	7651	7678	7754	7792	7786	7717	7722	7794	7758	7841	7735	7832	7760	7846	7784	7748	7768	7765	7865	7731	7867	7843	7934	7843	7882	7921	7811	7845	7830	7839	7824	7868	7829	7855	7868	7913	7898	7804	7898	7848	7845	7923	7815	7883	7878	8022	7915	7974	7897	7995	7928	7940	7953	7885	7902	7910	7911	7976	7882	7962	7909	7862	7931	7950	7961	7941	7895	7896	7852	7859	7989	7882	7932	7866	7880	7876	7927	7934	7869	7937	7890	7880	7965	7959	7883	7876	7852	7900
0	2	8	26	37	43	67	79	104	130	155	181	218	234	276	317	362	384	418	467	485	562	607	666	722	807	820	855	942	952	1061	1109	1196	1259	1306	1403	1416	1527	1590	1645	1738	1828	1888	1876	2006	2095	2207	2298	2429	2432	2450	2598	2636	2793	2902	2868	2928	3010	3127	3107	3259	3322	3426	3511	3531	3672	3753	3847	3931	3890	3966	4102	4178	4220	4326	4377	4514	4499	4572	4725	4729	4781	4875	4858	4985	5008	5149	5117	5227	5286	5266	5318	5437	5424	5479	5646	5737	5636	5684	5701	5763	5858	5893	5958	5965	6001	6122	6250	6223	6172	6339	6224	6339	6401	6360	6415	6439	6454	6549	6510	6659	6601	6642	6690	6722	6733	6701	6757	6836	6850	6949	6880	6834	6978	7019	7000	6927	7041	7021	7058	7085	6979	7099	7071	7112	7046	7149	7204	7224	7134	7169	7187	7245	7228	7314	7201	7257	7328	7309	7376	7346	7345	7349	7384	7373	7339	7346	7369	7290	7500	7392	7510	7394	7411	7417	7517	7423	7478	7463	7410	7435	7357	7379	7420	7430	7429	7477	7444	7449	7479	7461	7406	7554	7474	7432	7475	7463	7578	7476	7490	7435	7533	7545	7515	7495	7456	7521	7506	7505	7459	7521	7572	7350	7489	7374	7381	7497	7518	7423	7453	7503	7453	7454	7418	7484	7399	7534	7497	7497	7464	7409	7423	7376	7443	7399	7392	7392	7400	7386	7392	7375	7400	7327	7338	7407	7436	7311	7241	7223	7335	7272	7324	7263	7338	7317	7310	7229	7286	7272	7200	7265	7203	7230	7263	7218	7161	7162	7150	7139	7179	7187	7126	7163	7196	7151	7168	7130	7108	7028	7039	7144	7003	7128	7060	7058	7025	6949	7058	7052	7024	7054	6970	6904	6991	7027	6885	6966	6958	6984	6953	6819
0	3	16	36	41	59	96	118	161	169	204	247	278	315	398	416	475	565	569	676	707	818	859	919	980	1041	1144	1168	1374	1384	1400	1461	1638	1761	1788	1842	1955	2049	2118	2200	2358	2335	2447	2539	2723	2830	2833	2929	3033	3113	3181	3242	3382	3516	3545	3613	3697	3726	3846	3990	4083	3999	4168	4232	4314	4428	4470	4579	4668	4636	4815	4796	5000	4998	5014	5160	5210	5321	5368	5414	5426	5525	5583	5659	5649	5719	5705	5847	5931	6028	5929	6033	6021	6022	6191	6215	6256	6302	6318	6341	6424	6396	6429	6579	6518	6608	6545	6649	6639	6639	6747	6698	6752	6861	6813	6720	6808	6889	6800	6848	6776	6947	6928	6871	6905	6914	6957	6915	6992	7014	6985	6981	7039	7031	7068	6985	7086	7121	7046	7105	7105	7079	7043	7073	7145	7197	7098	7159	7080	7145	7127	7120	7157	7102	7136	7108	7176	7119	7076	7076	7137	7140	7166	7079	7132	7031	7140	7138	7090	7129	7106	7011	6990	7068	7055	7042	7058	7055	7100	6974	7055	7071	7073	7009	7000	6989	6989	6954	6973	6930	6893	6903	6920	6858	6933	6950	6885	6879	6901	6827	6791	6883	6811	6794	6802	6725	6809	6763	6730	6678	6709	6695	6711	6637	6674	6584	6624	6635	6598	6601	6660	6551	6578	6480	6567	6504	6527	6472	6474	6452	6482	6443	6473	6378	6366	6356	6414	6353	6377	6346	6315	6308	6281	6288	6272	6255	6214	6246	6230	6178	6254	6193	6152	6130	6131	6056	6094	6116	6035	6024	6038	6095	6084	6051	5927	5862	6038	5925	6006	5918	5962	5942	5929	5892	5795	5887	5882	5820	5834	5827	5772	5855	5766	5726	5645	5744	5742	5708	5736	5764	5689	5690	5703	5686	5683	5675	5581	5482	5599	5482	5604
0	10	30	50	72	89	140	184	181	227	328	357	408	444	526	593	647	680	734	882	900	1052	1135	1260	1226	1420	1490	1553	1678	1719	1774	1868	2005	2168	2238	2340	2390	2562	2598	2780	2800	3020	3056	3129	3277	3410	3536	3518	3636	3727	3881	3852	4091	4182	4192	4460	4446	4437	4596	4575	4755	4804	4886	5038	5050	5046	5221	5237	5305	5433	5462	5547	5668	5717	5699	5705	5869	5840	5912	5976	6051	6046	6061	6131	6206	6298	6319	6312	6371	6422	6456	6482	6605	6537	6554	6624	6685	6590	6642	6681	6757	6748	6751	6822	6744	6859	6788	6745	6830	6882	6807	6882	6800	6760	6894	6883	6927	6836	6837	6926	6878	6862	6795	6872	6898	6858	6743	6784	6879	6828	6798	6800	6739	6849	6927	6804	6721	6722	6771	6883	6660	6763	6804	6784	6711	6752	6727	6732	6545	6643	6669	6621	6665	6588	6586	6553	6530	6542	6535	6589	6424	6354	6490	6438	6368	6436	6422	6343	6331	6373	6333	6345	6302	6369	6300	6266	6193	6190	6253	6140	6082	6168	6049	6003	6031	6031	5973	5931	6009	5994	5959	6001	5805	5818	5952	5845	5888	5891	5788	5730	5788	5799	5735	5662	5628	5673	5567	5564	5566	5574	5533	5524	5566	5569	5496	5564	5467	5505	5383	5403	5389	5366	5290	5386	5342	5408	5253	5257	5208	5234	5297	5252	5187	5226	5207	5171	5156	5161	5192	5148	5126	5169	5094	5072	5104	5050	5079	5157	5038	5035	5081	5098	5044	4970	4958	5034	4984	4972	5016	5038	5008	5008	4965	4995	4924	4902	4957	4899	4843	4783	4878	4888	4946	4946	4899	4929	4950	4916	4938	4861	4900	4851	4779	4900	4919	4885	4793	4732	4797	4786	4866	4843	4800	4689	4774	4713	4738	4812	4834	4711	4771
4	18	35	73	104	135	173	230	276	342	395	447	535	617	698	766	773	967	1050	1100	1265	1282	1444	1603	1563	1773	1861	1945	2099	2198	2340	2446	2546	2671	2782	2956	3035	3203	3242	3397	3568	3671	3728	3867	3964	4148	4158	4195	4407	4477	4595	4799	4776	4863	4996	5041	5194	5244	5307	5503	5548	5577	5719	5819	5873	5970	6017	6020	6067	6172	6208	6265	6253	6317	6307	6291	6484	6485	6497	6453	6392	6487	6589	6532	6598	6570	6516	6619	6585	6604	6640	6609	6597	6628	6619	6664	6602	6750	6576	6655	6630	6579	6658	6645	6550	6687	6615	6622	6556	6555	6528	6490	6561	6638	6475	6450	6390	6419	6475	6359	6331	6438	6436	6358	6287	6285	6340	6226	6285	6225	6332	6226	6213	6173	6159	6214	6103	6041	6111	6037	6026	5980	5969	5854	5913	5859	5918	5820	5858	5790	5815	5807	5748	5719	5723	5701	5565	5616	5519	5508	5502	5445	5397	5474	5498	5364	5399	5369	5496	5239	5269	5299	5260	5210	5204	5216	5067	5132	5124	5122	5099	5099	5141	4946	5049	4928	5007	4984	4958	4930	4932	4898	5037	4830	4955	4868	4885	4937	4892	4773	4842	4866	4748	4683	4809	4826	4812	4710	4794	4743	4763	4662	4681	4652	4574	4647	4689	4618	4616	4577	4659	4582	4611	4628	4578	4522	4607	4485	4527	4448	4517	4548	4486	4583	4597	4536	4594	4417	4475	4417	4492	4502	4506	4540	4388	4556	4528	4422	4426	4440	4458	4510	4473	4496	4535	4424	4422	4453	4404	4415	4466	4428	4321	4440	4539	4351	4444	4412	4492	4450	4504	4429	4460	4416	4412	4388	4386	4392	4385	4420	4316	4441	4315	4382	4390	4323	4457	4321	4359	4355	4353	4339	4349	4325	4270	4337	4307	4344	4400	4378	4360
6	26	68	104	108	204	260	344	366	473	562	645	710	837	966	1057	1192	1313	1321	1492	1614	1793	1817	2060	2155	2335	2494	2639	2706	2913	3014	3146	3334	3412	3667	3664	3893	3977	4135	4411	4537	4520	4759	4876	5075	5165	5258	5349	5414	5498	5525	5509	5678	5684	5769	5888	5869	5892	5932	5961	6181	6110	6163	6146	6199	6311	6291	6301	6291	6329	6277	6310	6463	6286	6327	6440	6378	6364	6452	6470	6401	6390	6418	6358	6388	6442	6372	6343	6368	6408	6378	6352	6433	6348	6277	6372	6307	6207	6253	6265	6250	6211	6153	6137	6143	6152	6119	6033	6098	6043	5951	6063	6038	5904	5910	5910	5924	5735	5930	5820	5785	5639	5692	5693	5707	5589	5543	5517	5583	5500	5454	5370	5334	5329	5361	5261	5269	5239	5271	5192	5190	5013	5036	5055	4950	4954	4922	4940	4936	4893	4838	4894	4791	4737	4760	4625	4746	4681	4709	4733	4567	4592	4742	4526	4618	4700	4567	4562	4597	4528	4494	4500	4501	4346	4378	4400	4359	4299	4361	4324	4306	4462	4322	4250	4394	4309	4287	4299	4321	4198	4267	4344	4201	4265	4261	4332	4215	4218	4216	4103	4144	4124	4190	4141	4215	4253	4214	4185	4261	4136	4228	4144	4138	4189	4188	4087	4134	4181	4136	4169	4117	4179	4181	4091	4086	4133	4178	4113	4154	4164	4111	4149	4105	4097	3992	4145	4164	4175	4190	4118	4085	4074	4126	4037	4052	4102	4143	4103	4117	4143	4094	4186	4026	4029	4080	3997	4140	4098	4066	4117	4106	4042	4079	4126	4099	4095	4036	4051	4104	4024	4028	4111	4064	4019	4098	4115	4001	4097	4057	4071	4005	4060	4101	4063	3978	4151	4062	3982	3972	4100	4052	4083	4041	3979	3960	4121	4037	4140	4005	4058	4136
29	58	99	156	236	297	386	469	553	698	778	938	1064	1213	1305	1453	1612	1876	1936	2107	2299	2492	2627	2801	3026	3238	3477	3680	3856	4094	4191	4285	4446	4573	4670	4764	4765	4962	5094	5129	5177	5226	5322	5375	5465	5516	5745	5539	5703	5774	5730	5854	5952	6036	5977	5996	5979	6093	6049	6161	6216	6200	6160	6109	6247	6236	6152	6189	6253	6281	6362	6277	6189	6281	6186	6238	6235	6292	6162	6196	6144	6139	6115	6104	6105	6115	6144	6067	6087	6110	5978	5999	5991	5913	5928	5899	5921	5799	5756	5720	5630	5713	5553	5587	5521	5596	5481	5440	5403	5380	5378	5291	5228	5213	5172	5116	5236	5050	4979	4987	5009	4989	4875	4869	4866	4814	4796	4682	4716	4731	4596	4498	4553	4575	4411	4549	4421	4523	4438	4349	4380	4327	4435	4221	4359	4283	4313	4317	4270	4212	4142	4210	4110	4163	4212	4088	4110	4099	4046	4004	4070	3913	4077	3933	3989	4132	4029	3983	4013	3937	3949	4000	3951	3958	3859	3868	3910	3863	3973	3874	3902	3969	3879	3900	3965	3922	3866	3898	3874	3968	3980	3942	3860	3994	3941	3953	3834	3878	3878	3853	3826	3973	3876	3867	3903	3945	3984	3815	3871	3853	3807	3929	3944	3786	3850	3806	3855	3801	3860	3849	3809	3741	3774	3935	3845	3872	3917	3847	3839	3802	3775	3865	3815	3806	3862	3791	3795	3856	3775	3874	3844	3777	3933	3834	3887	3925	3793	3791	3821	3817	3825	3828	3864	3937	3838	3791	3855	3872	3851	3937	3845	3875	3805	3911	3887	3786	3869	3790	3844	3816	3849	3834	3897	3833	3794	3805	3767	3835	3922	3843	3899	3877	3839	3877	3831	3819	3790	3837	3812	3839	3867	3736	3879	3882	3739	3938	3824	3876	3799	3867	3863
116	171	234	325	417	555	675	807	1030	1170	1292	1446	1645	1815	2071	2307	2628	2912	3035	3290	3462	3588	3701	3772	4081	4021	4275	4376	4442	4442	4665	4822	4788	4907	4953	5158	5237	5265	5319	5411	5509	5572	5612	5644	5673	5769	5843	5883	5836	5890	5990	6000	6079	6036	6140	6065	6193	6147	6114	6066	6075	6068	6077	6156	6041	6121	6114	6094	6123	6152	6099	5962	6071	5965	6010	5975	5866	5943	5881	5938	5906	5860	5622	5719	5774	5645	5607	5602	5622	5509	5505	5431	5367	5351	5313	5239	5217	5134	5039	5143	5013	5041	4880	5015	4969	4794	4836	4720	4693	4645	4589	4596	4591	4516	4475	4400	4368	4286	4346	4340	4281	4291	4230	4241	4239	4190	4174	4124	4069	4047	4031	4042	3961	4023	3965	3920	3921	3933	3871	3825	3798	3805	3817	3816	3841	3799	3815	3646	3795	3749	3759	3778	3792	3801	3812	3707	3699	3750	3680	3693	3677	3583	3630	3641	3651	3672	3689	3692	3716	3652	3720	3651	3692	3637	3633	3628	3689	3628	3541	3569	3572	3661	3630	3659	3626	3625	3645	3595	3639	3563	3635	3614	3678	3622	3615	3728	3654	3690	3570	3618	3615	3692	3712	3693	3679	3547	3699	3649	3541	3692	3554	3593	3667	3613	3609	3572	3719	3572	3603	3668	3650	3540	3694	3632	3666	3642	3568	3697	3663	3630	3624	3605	3623	3598	3640	3667	3584	3609	3672	3705	3649	3572	3609	3721	3639	3621	3615	3672	3638	3554	3621	3686	3636	3638	3660	3548	3615	3729	3707	3689	3648	3547	3733	3720	3684	3616	3619	3556	3738	3601	3654	3662	3624	3676	3622	3595	3633	3592	3591	3683	3639	3626	3684	3723	3731	3627	3656	3647	3569	3674	3678	3606	3635	3678	3620	3660	3634	3729	3614	3644	3659
355	412	563	762	864	1041	1292	1516	1832	2163	2387	2624	2625	2841	3038	3215	3307	3559	3572	3674	3854	4098	4039	4228	4364	4504	4600	4641	4726	4932	5036	5086	5200	5259	5276	5387	5537	5447	5593	5699	5634	5751	5763	5886	5998	5942	5954	5929	5893	5993	5982	5946	6084	6121	6100	6027	6036	6030	5954	5900	6007	6026	5972	5877	5895	5929	5896	5906	5887	5841	5737	5729	5745	5683	5667	5690	5625	5573	5529	5476	5381	5267	5310	5332	5228	5150	5062	4966	4902	4878	4884	4847	4754	4685	4696	4624	4539	4550	4406	4368	4370	4408	4375	4259	4166	4167	4125	4085	4129	4076	4034	4025	3988	3889	3902	3907	3911	3854	3762	3713	3646	3757	3731	3693	3602	3633	3661	3634	3609	3495	3589	3579	3577	3559	3510	3439	3508	3484	3435	3492	3457	3396	3497	3403	3483	3483	3328	3408	3424	3477	3418	3435	3412	3350	3416	3461	3437	3437	3363	3451	3469	3465	3454	3392	3529	3365	3431	3411	3412	3378	3368	3411	3469	3454	3429	3394	3360	3442	3411	3414	3400	3456	3348	3399	3420	3457	3463	3418	3439	3332	3423	3449	3459	3445	3455	3469	3473	3436	3461	3340	3442	3411	3374	3405	3454	3358	3409	3371	3423	3455	3459	3417	3489	3393	3371	3413	3426	3362	3450	3309	3435	3430	3462	3368	3416	3459	3422	3488	3486	3492	3477	3437	3482	3534	3431	3488	3443	3446	3468	3478	3501	3460	3421	3464	3417	3424	3384	3479	3502	3433	3492	3469	3509	3465	3423	3395	3463	3410	3475	3462	3387	3506	3456	3405	3426	3486	3456	3587	3433	3423	3520	3416	3514	3453	3462	3475	3434	3521	3463	3543	3506	3488	3431	3394	3464	3435	3473	3503	3361	3485	3416	3445	3376	3549	3519	3412	3484	3396	3496	3490	3489
862	960	1402	1663	1868	1971	2151	2205	2497	2645	2757	2946	3057	3185	3399	3460	3677	3760	3962	4075	4282	4451	4477	4492	4630	4899	4947	4991	5098	5164	5255	5384	5390	5517	5618	5659	5715	5698	5827	5861	5926	5918	5906	5889	5986	6022	6002	6033	6002	5980	5946	5988	6020	5961	5823	6033	5982	5842	5997	5808	5811	5774	5712	5766	5736	5604	5676	5532	5483	5488	5409	5357	5346	5284	5244	5100	5165	5137	4942	4830	4846	4807	4683	4723	4615	4594	4469	4365	4353	4268	4247	4171	4167	4076	4056	3968	4064	3983	3877	3937	3962	3836	3811	3783	3669	3707	3615	3620	3595	3611	3587	3455	3510	3508	3430	3463	3390	3408	3401	3294	3377	3385	3334	3309	3313	3321	3198	3302	3327	3349	3342	3283	3290	3297	3276	3272	3243	3206	3217	3246	3289	3242	3223	3263	3267	3202	3265	3274	3224	3208	3293	3232	3194	3229	3176	3289	3241	3301	3255	3257	3189	3173	3159	3237	3262	3247	3235	3235	3227	3240	3254	3245	3284	3258	3177	3210	3202	3261	3264	3289	3198	3193	3315	3232	3258	3262	3290	3213	3158	3255	3278	3249	3209	3271	3321	3285	3241	3294	3314	3256	3238	3288	3264	3243	3265	3330	3175	3205	3211	3199	3253	3288	3273	3249	3233	3276	3269	3219	3239	3280	3264	3173	3268	3323	3315	3253	3309	3294	3239	3370	3345	3262	3269	3316	3364	3295	3248	3221	3304	3261	3263	3334	3277	3345	3202	3258	3273	3248	3303	3387	3289	3311	3247	3253	3306	3308	3274	3406	3341	3322	3318	3327	3275	3409	3199	3290	3254	3327	3277	3310	3314	3262	3328	3271	3242	3231	3256	3363	3364	3321	3346	3290	3305	3327	3364	3388	3272	3302	3284	3286	3307	3289	3278	3343	3351	3341	3355	3345	3378	3299	3261
1497	1614	1807	1915	2113	2259	2422	2566	2784	2881	3056	3206	3323	3501	3671	3874	3992	4169	4297	4338	4564	4690	4759	4768	4964	5137	5211	5209	5388	5445	5624	5547	5672	5732	5671	5759	5885	5869	5893	5964	5888	5956	6048	5934	5977	5939	5965	6027	5937	5896	5840	5839	5811	5868	5791	5729	5687	5572	5702	5603	5556	5422	5427	5308	5403	5297	5150	5168	5058	4991	4978	4973	4763	4842	4579	4603	4564	4466	4374	4335	4219	4141	4174	4093	4019	4033	4035	3983	3879	3858	3783	3771	3825	3691	3662	3596	3645	3513	3458	3468	3368	3329	3321	3284	3383	3206	3299	3264	3300	3290	3173	3214	3201	3138	3176	3204	3140	3155	3072	3172	3099	3089	3100	3131	3055	3102	3102	3101	3021	3079	3077	3121	3136	3058	3027	3150	3108	3028	3102	3021	3095	3064	3060	3093	3003	3051	3100	3087	3009	3050	3051	3109	3068	3107	3040	3089	3075	3117	3027	2988	3042	3115	3004	3024	3019	3082	3160	3121	3047	3142	3150	3042	3096	2982	3052	3136	3106	3127	3027	3139	3147	3116	3100	3189	3137	3168	3089	3068	3144	3087	2997	3076	3191	3108	3111	3154	3127	3101	3114	3050	3114	3046	3121	3130	3060	3142	3138	3157	3124	3142	3050	3067	3107	3134	3096	3137	3126	3166	3130	3126	3131	3142	3045	3163	3125	3226	3237	3130	3137	3028	3162	3121	3140	3136	3214	3151	3183	3181	3107	3057	3171	3251	3071	3146	3140	3178	3104	3223	3161	3263	3225	3160	3149	3247	3207	3191	3235	3210	3112	3209	3218	3138	3152	3194	3197	3209	3160	3102	3196	3120	3260	3159	3175	3116	3128	3213	3179	3139	3200	3102	3142	3190	3112	3117	3228	3110	3244	3113	3227	3156	3189	3129	3160	3146	3205	3109	3182	3182	3199	3241	3240
1661	1847	1966	2052	2321	2541	2684	2877	2979	3154	3304	3409	3605	3741	3982	4142	4297	4357	4524	4708	4893	4947	4995	5125	5289	5365	5505	5534	5547	5675	5754	5747	5758	5806	5950	5952	5910	5933	6033	5919	5945	5938	5871	5941	5879	5900	5859	5841	5774	5747	5713	5732	5628	5678	5572	5472	5455	5464	5319	5309	5192	5120	5028	4988	4886	4908	4703	4649	4615	4519	4485	4379	4339	4247	4083	4071	4048	3986	3874	3971	3806	3807	3794	3767	3730	3525	3536	3496	3464	3452	3299	3336	3232	3231	3279	3247	3240	3253	3126	3139	3116	3166	3098	3057	2959	3020	2974	2992	2917	3004	3018	2943	2926	3035	2971	2946	2938	2910	2906	2875	2907	2926	3006	2843	2898	2870	2895	2927	2914	2885	2958	2956	2886	2877	2880	2967	2866	2906	2919	2867	2877	2899	2958	3006	2886	2916	2999	2817	2901	2888	2914	2985	2949	2882	2880	2973	3000	2890	2934	2859	2938	2906	2871	2946	2933	2993	2902	3009	2989	2928	2977	2903	2916	3022	2924	2976	2962	3020	3009	2868	3040	3005	2950	2881	2936	3031	2898	3013	2949	2900	3038	2961	2982	2957	3062	2988	3021	3026	2940	3038	2994	2980	2918	2953	3024	3003	2920	3001	3039	2987	3055	2946	2988	3004	2997	2949	3028	2989	2939	3033	2916	3058	3055	3006	3030	3035	2931	3047	3005	2985	2952	2987	2991	2932	3033	3019	2998	3025	3031	3049	2947	3009	3017	3001	3010	3012	3055	3053	2978	3018	3023	2977	3071	2955	2977	3022	3048	3036	3143	3047	3016	2968	2958	3030	3090	3019	2938	2962	3018	3033	3010	2954	3043	3066	2918	2959	2996	3017	2955	3051	3044	2946	3026	3036	3064	2959	3041	2975	3107	3066	3037	3038	3017	3016	3014	3093	3045	3021	3089	2971	3071
1830	2007	2158	2249	2502	2692	2808	3037	3275	3475	3689	3795	4071	4126	4245	4387	4544	4760	4782	5011	5154	5178	5314	5350	5551	5555	5617	5658	5750	5728	5940	5887	5963	5959	5953	5951	5990	5929	5929	5995	5911	5915	5885	5846	5793	5778	5729	5664	5674	5588	5602	5456	5355	5309	5281	5215	5138	5019	4898	4841	4849	4741	4687	4495	4443	4344	4354	4262	4120	4033	4017	3947	3776	3709	3742	3640	3641	3553	3490	3497	3438	3320	3308	3180	3259	3210	3114	3127	3164	3065	3069	3038	3041	2932	2934	2954	2849	2876	2942	2823	2813	2814	2821	2821	2744	2884	2807	2775	2744	2793	2823	2814	2881	2867	2738	2729	2773	2817	2772	2732	2787	2818	2767	2735	2860	2821	2779	2726	2758	2755	2745	2781	2669	2744	2745	2765	2777	2798	2742	2765	2769	2779	2798	2742	2782	2765	2744	2846	2847	2906	2826	2807	2848	2869	2789	2781	2825	2740	2831	2844	2806	2842	2830	2754	2800	2731	2769	2777	2812	2847	2813	2821	2843	2888	2840	2895	2831	2850	2857	2873	2899	2833	2959	2826	2893	2814	2869	2815	2773	2912	2851	2907	2754	2844	2933	2885	2810	2847	2923	2902	2864	2819	2874	2875	2890	2936	2812	2900	2927	2945	2845	2925	2862	2874	2862	2918	2942	2930	2959	2926	2939	2844	2893	2936	2984	2927	2839	2838	2866	2866	2899	2877	2921	2901	2866	2942	2902	2825	2906	2930	2881	2939	2951	2855	2916	2972	2865	2833	2863	2904	2922	2947	2876	2930	2945	2864	2946	2883	2963	2925	2916	2943	2949	2913	2834	2947	2851	2953	3007	2975	3026	2899	2887	2884	2948	2876	2919	3035	2939	2897	2916	2872	2953	2948	2935	3001	2934	2854	2827	2905	2861	2988	2981	2860	2948	2868	2943	2905	2857	2892	2920
1929	2138	2271	2499	2686	2886	3004	3257	3523	3642	3800	3972	4239	4472	4514	4709	4909	4925	5133	5183	5328	5473	5596	5657	5764	5834	5802	5958	5877	5921	5930	5919	5910	5916	5928	6060	5943	5847	5833	5875	5814	5747	5764	5755	5596	5560	5563	5466	5382	5290	5226	5116	5160	4916	4877	4805	4777	4713	4541	4430	4419	4221	4091	4134	3994	3954	3794	3906	3702	3669	3607	3584	3418	3415	3361	3338	3308	3195	3091	3076	3062	3049	2950	2875	2885	2806	2887	2864	2804	2812	2764	2859	2793	2772	2807	2757	2724	2720	2773	2691	2723	2599	2706	2644	2614	2748	2686	2632	2647	2619	2638	2638	2694	2655	2566	2607	2574	2715	2553	2711	2657	2655	2633	2689	2610	2640	2688	2642	2745	2667	2639	2615	2663	2742	2641	2613	2646	2649	2761	2600	2716	2675	2670	2701	2662	2656	2618	2671	2695	2682	2675	2686	2695	2703	2669	2662	2659	2666	2739	2685	2610	2690	2674	2754	2739	2719	2654	2810	2828	2724	2744	2657	2798	2740	2715	2690	2785	2853	2764	2770	2771	2683	2786	2745	2729	2786	2735	2769	2692	2704	2805	2827	2796	2800	2791	2779	2753	2671	2725	2872	2762	2830	2796	2819	2802	2765	2810	2813	2795	2749	2705	2740	2828	2780	2857	2839	2823	2785	2818	2766	2717	2830	2785	2748	2823	2791	2836	2837	2866	2846	2816	2759	2772	2786	2738	2748	2775	2863	2798	2867	2816	2872	2807	2842	2733	2765	2847	2830	2834	2857	2839	2793	2817	2844	2816	2747	2771	2804	2783	2793	2761	2812	2744	2757	2807	2831	2768	2830	2774	2801	2751	2781	2793	2800	2791	2708	2836	2813	2795	2764	2744	2793	2838	2789	2861	2762	2799	2824	2882	2794	2847	2817	2813	2800	2813	2791	2758	2763	2780	2715	2800
2118	2334	2447	2659	2956	3062	3323	3511	3704	3968	4059	4209	4473	4583	4743	4957	5082	5139	5339	5378	5630	5642	5757	5875	5913	5942	5982	5996	5981	6002	6027	6006	6012	5906	5892	5981	5822	5849	5800	5763	5725	5588	5534	5507	5453	5373	5268	5181	5095	5082	4963	4907	4598	4670	4544	4356	4327	4132	4125	4064	3968	3873	3819	3653	3666	3593	3513	3544	3377	3265	3206	3156	3027	2929	2998	2907	2883	2844	2791	2806	2762	2724	2654	2736	2654	2636	2709	2696	2623	2639	2591	2668	2504	2604	2638	2569	2548	2547	2533	2549	2494	2591	2634	2513	2490	2587	2567	2600	2580	2527	2559	2486	2552	2538	2509	2608	2535	2510	2460	2488	2600	2494	2590	2510	2568	2568	2633	2546	2537	2569	2520	2547	2565	2528	2573	2517	2496	2586	2626	2542	2562	2563	2660	2585	2588	2609	2507	2604	2622	2531	2582	2564	2629	2533	2509	2583	2649	2482	2544	2537	2514	2558	2581	2582	2610	2656	2630	2627	2680	2636	2665	2624	2507	2644	2623	2692	2684	2661	2586	2677	2652	2658	2682	2636	2635	2562	2686	2605	2756	2598	2608	2664	2666	2708	2643	2671	2650	2677	2655	2574	2671	2612	2564	2627	2681	2622	2633	2668	2666	2690	2657	2700	2667	2688	2716	2661	2759	2651	2742	2635	2674	2655	2676	2713	2627	2673	2608	2772	2782	2788	2714	2731	2657	2641	2666	2746	2656	2707	2698	2642	2732	2667	2674	2720	2688	2696	2670	2640	2721	2761	2704	2710	2759	2710	2716	2707	2718	2698	2704	2712	2650	2707	2717	2675	2755	2656	2727	2739	2719	2691	2712	2678	2652	2685	2773	2696	2687	2718	2698	2732	2629	2787	2696	2647	2725	2691	2681	2674	2788	2735	2715	2794	2663	2682	2672	2660	2640	2654	2709	2720	2754
2213	2471	2617	2977	3147	3309	3503	3837	3921	4202	4383	4626	4783	4862	5077	5163	5352	5494	5587	5742	5822	5829	5875	6036	6058	5948	6092	6057	6026	6041	6052	5967	5922	5805	5816	5799	5761	5793	5599	5715	5508	5401	5421	5262	5261	5191	4995	4870	4768	4677	4544	4476	4276	4207	4115	4002	3858	3839	3786	3775	3649	3560	3549	3407	3357	3258	3201	3081	2972	2996	2867	2830	2806	2720	2681	2715	2642	2668	2609	2610	2519	2600	2555	2536	2572	2476	2426	2524	2418	2484	2466	2460	2521	2529	2481	2459	2382	2423	2460	2395	2409	2442	2413	2404	2399	2414	2405	2441	2409	2414	2399	2427	2441	2428	2381	2431	2493	2437	2416	2388	2377	2408	2433	2444	2463	2404	2457	2434	2529	2479	2425	2446	2514	2462	2363	2408	2406	2451	2456	2461	2496	2489	2434	2534	2489	2422	2428	2446	2443	2513	2554	2493	2476	2480	2469	2491	2444	2491	2502	2490	2497	2588	2585	2494	2495	2574	2504	2505	2467	2511	2505	2495	2556	2541	2575	2510	2483	2586	2495	2629	2494	2595	2574	2522	2513	2586	2431	2522	2533	2540	2553	2587	2584	2561	2581	2511	2478	2648	2608	2537	2645	2570	2576	2562	2503	2608	2510	2492	2516	2571	2513	2529	2577	2578	2584	2580	2567	2569	2590	2534	2588	2616	2685	2647	2614	2536	2586	2591	2610	2517	2570	2656	2572	2604	2566	2595	2576	2606	2611	2532	2546	2614	2644	2637	2614	2566	2573	2591	2607	2609	2586	2574	2583	2578	2615	2578	2631	2570	2625	2573	2580	2561	2537	2641	2583	2630	2602	2628	2606	2640	2604	2628	2537	2639	2493	2608	2559	2633	2564	2568	2496	2571	2578	2502	2616	2639	2557	2564	2556	2614	2645	2558	2703	2549	2591	2645	2625	2587	2593	2613	2598
2361	2617	2952	3017	3361	3510	3789	3976	4230	4344	4584	4847	4981	5088	5258	5554	5666	5669	5807	5918	5828	5992	5888	6021	6063	6074	6071	6001	5972	5905	5957	5933	5927	5792	5662	5728	5638	5573	5447	5358	5272	5267	5073	5049	4888	4784	4673	4595	4506	4260	4213	4093	3937	3995	3790	3727	3686	3542	3476	3449	3313	3142	3118	3106	2892	2850	2772	2755	2788	2670	2594	2617	2521	2501	2597	2497	2447	2476	2443	2428	2395	2428	2475	2381	2387	2398	2304	2363	2329	2351	2285	2362	2339	2284	2357	2341	2308	2346	2347	2276	2297	2343	2341	2302	2252	2349	2348	2322	2328	2311	2329	2271	2284	2380	2330	2322	2295	2353	2300	2345	2379	2382	2401	2397	2284	2354	2450	2380	2378	2378	2386	2408	2321	2413	2436	2389	2397	2346	2381	2360	2337	2424	2388	2348	2386	2404	2338	2387	2371	2400	2468	2456	2404	2486	2452	2469	2380	2455	2420	2412	2471	2421	2425	2377	2402	2440	2429	2464	2491	2496	2425	2469	2469	2502	2432	2547	2530	2506	2431	2435	2444	2474	2555	2459	2496	2428	2514	2466	2545	2541	2566	2462	2451	2396	2480	2449	2442	2504	2562	2472	2504	2415	2482	2534	2525	2536	2480	2470	2427	2502	2475	2442	2479	2475	2544	2467	2499	2501	2555	2589	2440	2401	2500	2453	2521	2588	2539	2530	2587	2497	2552	2569	2504	2520	2443	2479	2574	2461	2349	2518	2449	2494	2523	2512	2454	2566	2458	2458	2429	2551	2522	2522	2374	2452	2592	2554	2485	2525	2479	2599	2538	2601	2563	2544	2474	2503	2624	2498	2508	2558	2487	2542	2446	2536	2486	2559	2479	2403	2549	2475	2475	2452	2531	2572	2459	2558	2532	2503	2531	2548	2561	2470	2553	2477	2478	2418	2516	2529	2442	2538	2619
2556	2788	2983	3262	3463	3763	3972	4201	4391	4658	4927	4983	5182	5366	5439	5608	5775	5761	5828	6029	5969	6030	6133	6100	6129	6110	6057	6006	6018	5979	5881	5748	5796	5703	5656	5589	5483	5332	5233	5094	5084	4947	4769	4831	4534	4473	4352	4240	4065	3932	3862	3733	3591	3591	3423	3391	3413	3151	3114	3030	2916	2869	2785	2776	2690	2668	2473	2486	2500	2510	2486	2401	2414	2469	2345	2322	2288	2255	2312	2250	2288	2295	2225	2245	2278	2227	2289	2262	2252	2250	2254	2277	2161	2241	2245	2221	2252	2217	2157	2232	2242	2221	2282	2266	2231	2165	2210	2165	2281	2221	2251	2239	2241	2188	2258	2190	2266	2268	2280	2274	2297	2271	2228	2260	2304	2298	2310	2289	2258	2295	2268	2287	2311	2336	2243	2314	2337	2315	2260	2282	2281	2319	2318	2314	2342	2356	2318	2288	2366	2387	2307	2392	2354	2417	2380	2350	2354	2325	2307	2364	2391	2336	2365	2379	2283	2345	2316	2402	2333	2345	2302	2381	2352	2357	2387	2409	2379	2399	2333	2385	2417	2430	2386	2327	2386	2410	2460	2350	2411	2397	2433	2468	2419	2497	2395	2401	2463	2480	2425	2469	2436	2413	2372	2367	2384	2372	2388	2389	2360	2382	2452	2385	2365	2364	2368	2485	2413	2408	2440	2398	2409	2435	2445	2393	2381	2441	2412	2382	2409	2424	2402	2454	2441	2481	2396	2362	2425	2393	2305	2429	2442	2547	2414	2464	2389	2350	2496	2399	2426	2509	2441	2412	2487	2456	2465	2381	2478	2397	2444	2387	2380	2434	2449	2381	2409	2341	2449	2381	2356	2416	2405	2472	2464	2446	2427	2425	2422	2416	2469	2407	2418	2488	2438	2362	2424	2419	2417	2363	2388	2368	2409	2349	2423	2441	2408	2463	2438	2414	2417	2399	2365
2683	2906	3121	3340	3579	3977	4197	4385	4629	4815	5046	5222	5378	5572	5735	5876	6028	6029	6018	6148	6180	6116	6171	6247	6100	6174	5959	5957	5968	5872	5851	5596	5719	5497	5480	5471	5326	5168	5047	4903	4831	4624	4556	4440	4215	4138	3928	3802	3724	3667	3524	3429	3422	3267	3210	3050	2922	2829	2813	2735	2717	2602	2516	2431	2469	2432	2335	2404	2351	2284	2356	2363	2311	2224	2244	2171	2174	2123	2203	2253	2181	2168	2179	2111	2139	2095	2151	2098	2155	2135	2144	2141	2196	2152	2155	2108	2116	2120	2122	2196	2135	2188	2083	2182	2237	2134	2166	2143	2180	2151	2156	2215	2125	2183	2049	2170	2146	2245	2179	2207	2200	2212	2259	2200	2146	2215	2194	2108	2251	2257	2236	2144	2222	2267	2283	2238	2278	2229	2188	2209	2227	2271	2238	2238	2262	2187	2241	2234	2288	2257	2253	2259	2331	2318	2233	2336	2321	2319	2234	2257	2272	2329	2240	2297	2221	2177	2299	2272	2314	2307	2316	2302	2317	2291	2286	2270	2294	2314	2261	2317	2306	2218	2283	2266	2356	2340	2385	2276	2280	2333	2306	2293	2326	2306	2266	2327	2376	2315	2325	2289	2343	2384	2327	2233	2268	2278	2286	2287	2326	2317	2342	2334	2275	2347	2301	2311	2366	2337	2319	2330	2342	2305	2297	2358	2356	2323	2325	2366	2371	2379	2360	2396	2332	2357	2333	2337	2331	2302	2365	2360	2359	2318	2369	2316	2390	2366	2323	2328	2368	2359	2402	2383	2379	2344	2336	2323	2284	2301	2356	2327	2292	2291	2352	2347	2261	2398	2354	2229	2352	2391	2363	2357	2257	2311	2315	2313	2293	2304	2404	2359	2293	2349	2389	2292	2321	2283	2363	2293	2343	2324	2221	2320	2329	2330	2288	2296	2325	2382	2376	2371	2310
2873	3103	3425	3630	3875	4255	4479	4656	4920	5081	5386	5420	5655	5799	5736	5953	6126	6121	6205	6264	6287	6170	6252	6131	6069	6062	5978	5916	5814	5764	5704	5592	5512	5378	5275	5158	5043	4898	4815	4672	4437	4454	4219	3921	3971	3867	3707	3585	3488	3337	3265	3165	3015	2971	2783	2767	2613	2558	2519	2469	2416	2477	2297	2358	2407	2221	2189	2244	2183	2138	2111	2219	2142	2116	2121	2079	2078	2071	2119	2078	2094	2087	2047	2072	2102	2046	2036	2010	2065	2038	2065	2135	2125	2061	2068	2029	2084	2107	1980	2091	2066	2072	2068	2026	2056	2034	2123	2106	2031	2058	2137	2128	2086	2050	2124	2070	2128	2051	2154	2120	2178	2115	2107	2154	2151	2135	2116	2187	2157	2164	2123	2137	2177	2176	2175	2138	2122	2145	2182	2133	2141	2122	2172	2170	2163	2147	2110	2193	2265	2181	2223	2193	2198	2196	2257	2220	2237	2193	2162	2186	2271	2281	2220	2198	2204	2174	2281	2253	2178	2244	2204	2231	2247	2195	2193	2218	2232	2147	2172	2273	2246	2213	2230	2239	2232	2319	2231	2226	2249	2247	2254	2249	2305	2242	2133	2249	2292	2254	2241	2198	2155	2177	2286	2254	2231	2178	2257	2217	2192	2239	2284	2238	2214	2284	2200	2256	2209	2197	2273	2158	2272	2252	2214	2273	2231	2260	2264	2215	2293	2206	2264	2196	2213	2288	2291	2265	2242	2346	2216	2280	2277	2240	2245	2298	2280	2294	2243	2283	2255	2249	2308	2254	2199	2271	2266	2218	2304	2184	2158	2298	2262	2283	2298	2256	2298	2307	2318	2291	2243	2262	2271	2237	2230	2204	2180	2252	2257	2248	2243	2168	2249	2252	2262	2242	2231	2242	2316	2274	2255	2296	2276	2253	2211	2239	2212	2213	2199	2202	2233	2275	2217
2931	3200	3572	3727	4160	4441	4683	4886	5074	5363	5506	5675	5839	5895	6040	6132	6114	6210	6229	6277	6275	6144	6253	6063	6044	6023	5970	5836	5770	5656	5567	5470	5333	5218	5149	4868	4813	4640	4530	4404	4155	4004	3876	3793	3745	3518	3451	3324	3243	3077	3008	2874	2695	2687	2596	2413	2448	2397	2271	2274	2232	2254	2189	2220	2099	2130	2121	2081	2069	2025	2087	2073	2099	2028	1954	2024	1963	1965	2016	1983	1937	1933	1977	1966	2020	1994	1971	2044	2033	2001	1999	1952	1993	1991	2042	1955	2005	1976	1932	2075	2010	2033	2064	1991	1972	1987	2007	1957	2044	2007	1981	2045	2013	2026	2015	2015	2024	2123	1981	2054	2050	2074	2015	2103	2077	2034	2062	1998	2112	2146	2031	1996	2124	2026	2115	2138	2116	2058	2071	2092	2095	2075	2134	2083	2134	2175	2093	2057	2092	2096	2106	2089	2153	2127	2136	2045	2085	2119	2172	2147	2136	2200	2175	2049	2179	2125	2180	2120	2198	2234	2150	2249	2234	2217	2173	2181	2126	2200	2133	2231	2156	2085	2093	2193	2201	2131	2077	2170	2101	2174	2184	2264	2228	2184	2194	2226	2257	2193	2170	2209	2159	2201	2165	2210	2219	2168	2168	2195	2139	2182	2100	2154	2195	2185	2231	2151	2165	2093	2197	2180	2135	2153	2128	2218	2137	2185	2158	2169	2275	2141	2179	2161	2254	2156	2181	2268	2126	2112	2217	2201	2122	2224	2224	2241	2239	2234	2174	2203	2146	2288	2277	2221	2143	2169	2225	2229	2196	2244	2224	2207	2224	2216	2209	2201	2171	2214	2190	2218	2152	2121	2127	2155	2155	2183	2136	2152	2203	2240	2211	2138	2208	2119	2174	2149	2168	2208	2201	2166	2249	2225	2139	2155	2121	2177	2126	2184	2263	2213	2208	2274	2215
3176	3422	3720	3949	4167	4515	4841	5096	5343	5488	5727	5837	6024	6154	6202	6264	6285	6304	6298	6284	6219	6186	6166	6145	6013	5947	5835	5688	5662	5485	5457	5216	5270	5049	4913	4707	4653	4382	4186	4072	3948	3705	3620	3626	3469	3247	3243	3032	2887	2753	2645	2561	2529	2428	2280	2215	2291	2270	2217	2162	2053	2160	2090	2172	2040	1998	2027	2023	2061	1967	1972	1958	1988	1939	1973	1936	1916	1939	2056	1920	1916	1923	1892	1926	1944	1922	1926	1914	1912	1884	1933	1900	1966	1994	1910	1895	1955	1947	2021	1949	1984	2020	1973	2002	1996	1984	2000	2005	1918	1925	1990	1861	1983	2024	1957	1961	1983	1989	1984	1945	2020	2022	2030	2029	2052	2018	2041	1981	2044	2054	1994	2013	2043	2053	2075	2093	1962	1988	2076	2076	2054	2011	1987	2066	2030	2113	2049	2059	2063	2051	2052	2066	2058	2107	2100	2076	2054	2043	2125	2094	2114	2111	2050	2115	2058	2047	2085	2063	2089	2021	2094	2054	2107	2096	2054	2096	2101	2101	2077	2026	2143	2110	2133	2079	2136	2181	2127	2153	2155	2137	2212	2153	2071	2120	2135	2068	2097	2191	2026	2010	2177	2042	2071	2086	2092	2048	2044	2088	2045	2096	2116	2105	2104	2097	2045	2180	2056	2129	2058	2075	2120	2079	2177	2082	2084	2140	2075	2140	2106	2163	2117	2145	2210	2099	2099	2170	2158	2134	2198	2119	2147	2166	2129	2136	2202	2127	2113	2138	2111	2073	2182	2182	2114	2117	2109	2125	2148	2099	2060	2189	2155	2169	2152	2095	2115	2113	2144	2123	2041	2102	2047	2059	2123	2131	2090	2150	2068	2093	2142	2126	2209	2084	2049	2130	2117	2136	2104	2149	2091	2082	2177	2131	2111	2094	2099	2107	2115	2217	2158	2136	2159
3332	3538	3916	4143	4450	4697	4988	5257	5492	5717	5867	6001	6209	6231	6278	6371	6352	6407	6276	6284	6328	6118	6107	5997	5910	5798	5668	5574	5492	5407	5267	5074	4901	4781	4646	4403	4318	4161	3952	3746	3662	3618	3479	3293	3195	2972	2903	2692	2585	2493	2440	2325	2240	2262	2114	2211	2168	2138	2105	1980	2030	1966	1956	1868	2003	1988	1898	1924	1962	1870	1919	1965	1805	1862	1831	1920	1849	1887	1955	1889	1894	1862	1851	1882	1839	1838	1825	1837	1847	1867	1893	1876	1918	1913	1834	1866	1852	1881	1926	1853	1927	1924	1908	1881	1899	1847	1864	1898	1906	1934	1832	1848	1854	1888	1938	1942	1921	1863	1931	1921	1962	1992	1937	1958	1893	1896	1977	1944	1938	1979	1997	1955	1964	1953	1995	2033	1913	1873	1996	1975	2002	1970	1976	2023	1980	1981	2038	2003	2040	2040	2060	2062	1986	1996	2040	1974	2016	2065	2017	2036	2028	2075	2012	2056	1995	2044	2074	2067	2044	2040	2008	1956	2055	2004	2009	1967	2023	2064	2049	2039	2071	2070	2117	2028	1978	2129	2022	2080	2052	2021	2097	1937	2100	2062	2093	2067	2124	2062	2047	2063	2004	2053	2101	2089	2076	2028	2036	2061	2049	2078	2040	2024	2046	1961	2036	2002	2056	2078	2073	2025	1997	2145	1982	2013	2099	2080	2012	1947	2067	2055	2080	2032	2120	2117	2113	2018	2013	2094	2056	2081	2101	2024	2054	2071	2011	2054	2080	2038	2100	2071	2093	2123	2038	2068	2021	2106	2048	2073	1982	2076	2051	2028	2016	2065	2036	2086	2071	2096	1974	2067	2037	2031	2051	2040	2043	2061	2042	2064	2039	2144	2110	2065	2098	2072	2083	2055	2040	2046	2028	2085	2123	1974	1997	2042	2081	2000	2061	2091	1983	2061	2023
3347	3687	4000	4324	4718	4914	5277	5541	5643	5897	6017	6188	6406	6441	6395	6455	6427	6313	6308	6281	6198	6063	6017	5928	5846	5718	5608	5425	5367	5262	4988	4913	4800	4586	4385	4276	3959	3900	3651	3579	3405	3415	3181	2924	2739	2641	2622	2421	2412	2293	2159	2272	2155	2120	2061	2066	2006	2009	1990	1877	1930	1861	1805	1866	1868	1905	1841	1848	1834	1897	1837	1791	1820	1778	1777	1797	1795	1814	1873	1773	1894	1807	1804	1743	1798	1860	1775	1816	1806	1853	1798	1820	1806	1837	1815	1835	1779	1757	1787	1769	1813	1821	1811	1841	1785	1791	1897	1842	1877	1828	1890	1819	1893	1862	1888	1904	1838	1893	1832	1906	1847	1823	1895	1893	1837	1941	1884	1884	1924	1936	1872	1968	1925	1946	1889	1962	1852	1883	1875	1860	1933	1971	1890	1971	1872	1958	1889	1983	1968	1974	1914	1935	1952	1918	2008	2010	1926	1949	1955	1972	1928	2037	1902	1896	1985	1973	1976	1954	1961	1878	1972	2008	1937	1976	1981	2008	1975	1983	1993	1989	2022	2000	1969	1942	2026	1969	1972	1967	2021	2024	2044	2064	1981	1965	1977	1974	1974	2018	2021	1920	1956	2057	1983	2008	1962	2003	2006	2055	1977	1948	1978	1981	1947	1989	1975	1913	1974	1988	1993	1993	1991	1969	1993	1975	2034	1976	1990	1961	1939	1917	2016	1961	2014	2004	2065	2023	1986	1989	2018	1941	1964	1923	1977	2031	1908	1975	1979	2022	1980	1932	1971	1991	2024	1923	2036	1979	2004	2074	1951	1992	2000	1952	2028	1982	2042	1934	1999	1973	1998	2013	2017	1983	2001	1986	2019	1957	1974	1975	2014	1962	1954	1923	1940	2022	1929	1961	2019	1957	2029	1937	2015	1999	2007	1915	2016	1974	2027	1951	1998	2011	2041
3517	3916	4322	4603	4821	5162	5513	5747	5915	6139	6203	6345	6512	6433	6493	6533	6446	6413	6271	6331	6199	6082	6030	5925	5702	5553	5517	5279	5237	5038	4813	4714	4461	4265	4144	3877	3776	3563	3560	3366	3186	2950	2858	2708	2553	2482	2355	2210	2151	2094	2093	2011	2050	1940	1830	1918	1888	1831	1882	1857	1803	1845	1778	1845	1793	1746	1750	1754	1729	1742	1822	1797	1763	1790	1816	1736	1787	1752	1769	1687	1754	1776	1795	1724	1771	1738	1799	1727	1704	1775	1758	1786	1788	1773	1749	1752	1763	1717	1795	1844	1838	1714	1757	1788	1787	1779	1803	1798	1748	1776	1747	1813	1820	1837	1823	1817	1828	1823	1781	1815	1825	1789	1813	1825	1792	1852	1888	1787	1875	1874	1831	1869	1818	1890	1846	1815	1913	1876	1756	1831	1904	1905	1887	1829	1908	1879	1834	1882	1787	1911	1903	1820	1861	1806	1865	1950	1927	1855	1911	1959	1884	1858	1956	1946	1905	1844	1920	1853	1945	1879	1891	1894	1872	1967	1921	1930	1873	1976	1829	1851	1865	1908	1907	1914	1947	1927	1949	1875	1885	1963	1938	1946	2029	1912	1877	1958	1967	1878	1893	1877	1967	1968	1938	1919	1929	1918	1936	1893	1945	1901	1929	1930	1965	1932	1962	1901	1937	1950	1977	1864	1924	1945	1972	1918	1909	1946	1942	1857	1929	1967	1921	1943	1891	1912	1948	1910	1996	1889	1956	1891	1881	1918	1980	1948	1912	1928	1961	1987	1930	1893	2018	1888	1921	1954	1992	1980	1958	1940	1941	1925	1944	1893	1948	1907	1976	1879	1885	1917	1939	1929	1902	1964	1937	1919	1936	1984	1936	1895	1944	1920	1945	1943	1979	1943	1851	2005	1889	1951	1888	1883	1942	1924	1951	1940	1920	1888	1974	1928	1873	1918	1884
3799	4102	4436	4748	5017	5317	5613	5918	6011	6273	6388	6412	6478	6611	6591	6582	6510	6413	6358	6300	6075	6026	5932	5763	5633	5544	5366	5199	5025	4882	4600	4505	4229	4082	3845	3672	3566	3454	3275	3114	2909	2629	2580	2447	2366	2258	2194	2062	2025	1920	1936	1866	1921	1899	1901	1827	1817	1760	1768	1813	1736	1699	1814	1739	1764	1839	1754	1750	1720	1697	1656	1660	1688	1732	1706	1692	1719	1647	1691	1724	1729	1705	1728	1730	1664	1659	1718	1724	1709	1725	1713	1723	1711	1758	1740	1734	1710	1704	1785	1724	1746	1751	1730	1716	1719	1764	1686	1709	1767	1765	1704	1746	1750	1761	1764	1773	1746	1766	1837	1773	1764	1788	1839	1765	1776	1807	1818	1822	1828	1743	1830	1837	1815	1768	1799	1789	1788	1808	1869	1786	1847	1816	1806	1786	1801	1833	1821	1841	1845	1827	1835	1852	1822	1867	1812	1854	1895	1894	1873	1866	1861	1848	1866	1775	1831	1853	1950	1891	1914	1851	1845	1820	1863	1910	1792	1874	1850	1823	1842	1935	1898	1887	1768	1879	1868	1838	1925	1818	1862	1853	1923	1906	1854	1806	1874	1912	1859	1933	1887	1887	1951	1821	1826	1867	1917	1951	1811	1821	1789	1865	1882	1863	1926	1880	1926	1837	1893	1847	1893	1841	1892	1859	1807	1977	1832	1845	1896	1843	1867	1894	1832	1880	1898	1888	1842	1905	1899	1862	1895	1869	1890	1807	1862	1886	1766	1908	1836	1908	1923	1858	1880	1907	1940	1917	1883	1891	1840	1880	1867	1880	1889	1885	1821	1942	1844	1955	1856	1873	1837	1910	1852	1928	1892	1901	1873	1869	1916	1854	1855	1906	1872	1856	1837	1881	1877	1910	1831	1823	1824	1894	1881	1881	1873	1895	1856	1911	1846	1850	1837	1860	1879
3836	4251	4675	4912	5316	5530	5860	5986	6184	6298	6369	6576	6661	6650	6637	6648	6467	6400	6221	6102	6128	5823	5825	5572	5501	5329	5158	5069	4834	4585	4459	4193	3950	3841	3584	3412	3405	3105	2911	2825	2589	2485	2316	2226	2144	2027	2039	1888	1922	1894	1892	1767	1739	1752	1776	1749	1753	1779	1748	1727	1700	1695	1676	1678	1628	1649	1666	1648	1569	1692	1637	1649	1697	1646	1654	1647	1649	1658	1637	1628	1657	1702	1668	1699	1680	1664	1727	1666	1734	1635	1770	1758	1667	1676	1684	1527	1712	1671	1678	1734	1672	1687	1701	1717	1722	1712	1703	1725	1663	1679	1724	1736	1736	1705	1666	1680	1716	1707	1757	1716	1737	1700	1779	1683	1748	1805	1792	1774	1770	1727	1822	1762	1735	1725	1771	1705	1773	1778	1757	1787	1772	1736	1786	1723	1742	1798	1744	1814	1753	1781	1719	1740	1743	1849	1795	1772	1827	1836	1813	1799	1719	1785	1834	1739	1822	1770	1807	1866	1797	1803	1792	1810	1844	1860	1815	1777	1786	1843	1771	1855	1795	1799	1778	1794	1824	1834	1809	1811	1892	1804	1825	1848	1788	1823	1825	1834	1855	1804	1742	1824	1798	1899	1853	1854	1882	1833	1809	1866	1808	1792	1815	1813	1815	1842	1857	1892	1783	1822	1860	1836	1740	1816	1817	1848	1855	1856	1887	1867	1866	1865	1810	1831	1817	1843	1826	1859	1865	1804	1843	1827	1836	1807	1822	1772	1823	1887	1822	1812	1830	1848	1830	1773	1829	1802	1795	1899	1802	1796	1822	1808	1773	1788	1807	1816	1823	1886	1798	1798	1843	1815	1891	1826	1800	1833	1837	1776	1804	1782	1812	1893	1853	1861	1825	1798	1771	1809	1826	1792	1816	1760	1824	1881	1789	1815	1741	1813	1848	1808	1870	1874	1807
4052	4433	4788	5158	5378	5768	6019	6186	6400	6523	6615	6703	6786	6692	6620	6573	6479	6326	6281	6201	6018	5834	5725	5531	5387	5157	4986	4870	4651	4349	4038	3932	3680	3566	3360	3351	3086	2739	2682	2485	2340	2334	2143	2042	1969	2015	1982	1935	1810	1796	1800	1763	1685	1660	1789	1655	1676	1659	1624	1652	1683	1644	1663	1647	1639	1677	1585	1670	1640	1638	1629	1596	1548	1635	1544	1669	1559	1627	1624	1642	1607	1585	1626	1627	1641	1666	1597	1598	1581	1682	1645	1659	1622	1631	1605	1669	1632	1637	1594	1590	1642	1663	1711	1612	1636	1617	1627	1657	1677	1632	1639	1699	1664	1661	1704	1674	1687	1697	1658	1647	1696	1709	1724	1829	1699	1734	1713	1702	1707	1657	1733	1753	1652	1661	1710	1690	1796	1760	1730	1720	1719	1770	1808	1836	1642	1728	1740	1747	1764	1772	1722	1704	1683	1738	1738	1759	1730	1683	1810	1710	1729	1720	1751	1756	1699	1792	1764	1759	1786	1807	1770	1768	1779	1745	1799	1686	1776	1777	1773	1728	1739	1783	1762	1774	1716	1736	1758	1743	1836	1846	1822	1772	1773	1781	1754	1801	1730	1718	1779	1762	1790	1840	1798	1750	1778	1811	1802	1784	1792	1735	1759	1774	1814	1713	1794	1732	1835	1745	1790	1721	1807	1818	1795	1811	1776	1767	1762	1729	1806	1763	1807	1714	1820	1816	1781	1770	1802	1804	1787	1768	1760	1786	1756	1815	1794	1782	1816	1785	1772	1745	1760	1726	1791	1709	1808	1794	1690	1775	1765	1798	1714	1726	1722	1832	1774	1771	1790	1808	1750	1801	1755	1778	1729	1832	1761	1795	1743	1799	1702	1756	1803	1808	1767	1758	1724	1802	1730	1777	1708	1785	1810	1724	1740	1752	1801	1772	1824	1745	1825	1739	1692
4149	4560	4995	5382	5629	5962	6118	6384	6541	6691	6711	6838	6791	6703	6593	6561	6473	6312	6183	5953	5932	5727	5651	5439	5200	5034	4975	4595	4338	4073	3925	3687	3522	3446	3328	2987	2746	2630	2389	2320	2211	2138	2032	1954	1945	1853	1891	1836	1770	1716	1696	1666	1754	1620	1665	1740	1628	1592	1586	1572	1605	1614	1631	1528	1532	1489	1585	1511	1582	1512	1516	1566	1596	1560	1586	1611	1576	1546	1540	1596	1629	1510	1549	1588	1465	1575	1645	1575	1575	1550	1622	1585	1555	1596	1622	1649	1600	1580	1655	1557	1617	1593	1569	1630	1620	1544	1623	1593	1598	1590	1578	1649	1572	1588	1581	1601	1672	1668	1634	1721	1683	1680	1689	1632	1728	1681	1615	1647	1671	1695	1680	1726	1650	1708	1662	1698	1662	1684	1631	1599	1725	1647	1811	1700	1638	1677	1753	1647	1658	1650	1724	1734	1723	1727	1745	1721	1701	1700	1669	1669	1728	1730	1738	1752	1725	1707	1670	1696	1708	1642	1674	1737	1686	1731	1757	1708	1764	1670	1669	1717	1632	1775	1665	1647	1643	1758	1726	1681	1728	1627	1777	1774	1702	1712	1751	1686	1785	1741	1720	1730	1664	1711	1765	1726	1748	1697	1759	1676	1716	1673	1744	1699	1713	1755	1716	1746	1684	1684	1652	1703	1629	1741	1721	1765	1692	1677	1722	1722	1771	1699	1734	1704	1647	1760	1737	1737	1673	1727	1704	1696	1771	1705	1735	1702	1710	1710	1669	1770	1688	1733	1725	1749	1659	1726	1727	1750	1703	1732	1748	1722	1751	1783	1652	1639	1708	1664	1717	1705	1704	1706	1673	1695	1744	1648	1697	1725	1728	1663	1723	1661	1708	1720	1686	1682	1629	1711	1696	1704	1639	1693	1705	1721	1668	1716	1801	1758	1706	1725	1670	1745	1664
4408	4813	5082	5488	5828	6159	6322	6497	6658	6720	6819	6766	6783	6746	6629	6517	6408	6251	6121	5981	5807	5625	5477	5266	5054	4834	4712	4433	4202	3923	3708	3641	3450	3102	2943	2702	2493	2308	2338	2161	2024	1972	1848	1907	1788	1764	1699	1679	1722	1693	1607	1603	1579	1589	1577	1597	1558	1589	1572	1526	1607	1536	1505	1566	1560	1568	1496	1565	1454	1504	1496	1502	1529	1518	1476	1584	1483	1534	1523	1523	1516	1572	1606	1507	1591	1559	1553	1604	1557	1551	1556	1576	1489	1574	1521	1561	1593	1554	1558	1598	1580	1542	1552	1487	1571	1581	1537	1526	1544	1641	1604	1609	1658	1537	1585	1573	1545	1633	1601	1621	1624	1629	1598	1576	1598	1658	1632	1608	1622	1611	1661	1558	1601	1668	1656	1593	1642	1609	1637	1575	1603	1664	1622	1626	1667	1661	1548	1635	1648	1645	1638	1717	1661	1633	1715	1643	1650	1629	1706	1658	1671	1694	1682	1689	1704	1674	1674	1661	1652	1644	1676	1672	1653	1628	1723	1680	1676	1616	1695	1666	1650	1632	1677	1702	1637	1624	1676	1705	1707	1675	1631	1624	1654	1691	1647	1675	1673	1710	1674	1680	1719	1600	1697	1691	1692	1638	1687	1643	1661	1629	1681	1695	1727	1657	1700	1699	1610	1711	1720	1766	1720	1733	1671	1731	1634	1707	1713	1693	1702	1719	1686	1661	1675	1679	1701	1704	1696	1617	1687	1757	1673	1611	1629	1735	1700	1705	1700	1663	1728	1667	1656	1607	1666	1692	1735	1668	1642	1726	1692	1697	1675	1588	1668	1661	1618	1569	1631	1701	1695	1674	1737	1628	1690	1693	1669	1683	1653	1659	1636	1659	1685	1638	1640	1627	1637	1670	1622	1636	1731	1639	1715	1671	1667	1673	1700	1681	1733	1693	1672	1621	1625
4559	4898	5381	5578	6009	6287	6467	6568	6767	6810	6896	6860	6749	6690	6538	6533	6315	6156	5965	5937	5716	5539	5259	5178	4979	4805	4413	4268	3915	3720	3612	3357	3106	2942	2695	2441	2316	2149	2140	2026	1897	1785	1813	1812	1696	1717	1686	1666	1685	1557	1601	1537	1569	1573	1594	1574	1542	1511	1492	1496	1507	1499	1511	1454	1462	1416	1514	1475	1490	1462	1463	1492	1554	1561	1462	1461	1488	1546	1454	1510	1482	1542	1512	1527	1482	1503	1552	1486	1495	1517	1555	1520	1492	1513	1514	1513	1474	1545	1599	1536	1468	1568	1613	1522	1514	1548	1598	1498	1539	1562	1535	1488	1583	1513	1525	1544	1596	1580	1544	1587	1542	1620	1497	1615	1557	1588	1570	1595	1624	1554	1603	1606	1627	1552	1609	1598	1573	1571	1506	1669	1587	1621	1580	1588	1591	1611	1650	1626	1585	1618	1627	1633	1637	1608	1652	1580	1617	1546	1595	1669	1635	1696	1610	1661	1594	1655	1627	1600	1606	1647	1570	1588	1633	1687	1672	1611	1523	1581	1558	1570	1542	1564	1644	1610	1610	1641	1678	1707	1681	1614	1738	1663	1622	1603	1637	1616	1592	1641	1675	1614	1653	1631	1619	1633	1585	1667	1658	1684	1638	1651	1613	1625	1760	1675	1657	1628	1610	1630	1637	1584	1667	1645	1580	1655	1599	1680	1670	1583	1633	1565	1649	1619	1595	1657	1618	1704	1628	1634	1633	1618	1639	1596	1634	1678	1602	1700	1634	1622	1649	1628	1620	1660	1615	1680	1657	1633	1621	1672	1664	1579	1611	1661	1621	1675	1551	1641	1619	1625	1597	1604	1664	1657	1694	1580	1624	1666	1603	1608	1625	1676	1607	1631	1586	1652	1657	1554	1648	1575	1617	1602	1660	1642	1605	1664	1575	1623	1615	1550	1615	1625	1566
4658	5062	5502	5844	6200	6401	6682	6772	6884	6897	6936	6890	6810	6711	6577	6383	6275	6086	5928	5801	5548	5456	5142	5032	4692	4520	4331	3992	3737	3589	3381	3206	2944	2683	2391	2223	2150	2094	2014	1860	1812	1820	1750	1686	1705	1636	1625	1640	1580	1569	1492	1542	1501	1467	1529	1497	1521	1427	1516	1438	1471	1422	1485	1413	1450	1518	1517	1445	1400	1375	1436	1438	1484	1431	1494	1460	1484	1482	1435	1492	1440	1423	1457	1441	1521	1469	1490	1537	1457	1482	1508	1452	1468	1430	1528	1485	1506	1485	1515	1471	1492	1496	1526	1521	1485	1498	1497	1519	1512	1487	1508	1524	1482	1550	1542	1515	1574	1514	1562	1518	1552	1555	1516	1547	1465	1640	1593	1556	1569	1588	1550	1559	1623	1527	1504	1547	1496	1581	1521	1564	1571	1543	1593	1541	1588	1580	1551	1493	1558	1561	1550	1633	1534	1545	1567	1548	1580	1540	1536	1585	1618	1613	1570	1558	1605	1610	1553	1575	1549	1630	1613	1533	1600	1508	1569	1546	1554	1588	1542	1606	1563	1583	1595	1616	1533	1598	1608	1603	1572	1587	1567	1555	1555	1657	1596	1492	1630	1599	1597	1579	1653	1652	1582	1525	1535	1537	1574	1583	1572	1598	1562	1624	1541	1598	1614	1598	1586	1594	1596	1545	1560	1568	1616	1618	1570	1580	1548	1683	1620	1560	1668	1616	1588	1589	1573	1557	1597	1667	1597	1547	1563	1636	1506	1576	1539	1618	1634	1613	1585	1621	1584	1650	1616	1535	1547	1619	1659	1583	1558	1581	1593	1534	1563	1651	1650	1516	1550	1601	1532	1565	1523	1608	1594	1559	1549	1592	1480	1568	1584	1607	1608	1610	1523	1520	1572	1574	1576	1544	1617	1630	1610	1598	1521	1588	1569	1616	1563	1594	1580	1569	1685
4855	5255	5672	6123	6329	6445	6783	6789	6931	7076	6973	6910	6841	6665	6611	6270	6230	6051	5949	5625	5473	5259	5063	4685	4548	4240	3940	3933	3620	3466	3249	2849	2664	2462	2305	2189	2040	1947	1844	1816	1746	1703	1631	1651	1541	1551	1566	1531	1537	1508	1464	1465	1465	1412	1446	1459	1348	1398	1395	1475	1369	1418	1395	1348	1430	1356	1418	1361	1419	1479	1393	1383	1401	1389	1429	1425	1426	1365	1403	1456	1448	1386	1434	1394	1504	1501	1478	1439	1435	1451	1462	1454	1474	1464	1478	1472	1413	1438	1534	1518	1427	1423	1530	1532	1445	1458	1501	1426	1466	1495	1512	1521	1546	1448	1461	1495	1496	1483	1478	1519	1479	1424	1496	1547	1400	1462	1472	1550	1568	1509	1553	1488	1441	1620	1438	1586	1503	1498	1554	1486	1529	1497	1558	1557	1522	1517	1575	1503	1545	1515	1535	1531	1587	1536	1536	1575	1535	1602	1531	1548	1526	1539	1535	1517	1585	1482	1529	1546	1510	1570	1568	1486	1547	1484	1467	1536	1620	1526	1500	1514	1533	1526	1595	1531	1544	1544	1584	1546	1585	1547	1592	1520	1497	1549	1577	1526	1556	1543	1495	1562	1505	1580	1559	1463	1545	1499	1503	1551	1514	1573	1485	1554	1515	1468	1594	1575	1590	1503	1545	1536	1578	1498	1577	1566	1538	1556	1584	1514	1553	1521	1558	1489	1538	1515	1522	1582	1536	1589	1518	1549	1531	1539	1483	1535	1533	1537	1525	1550	1626	1588	1564	1571	1586	1507	1571	1501	1534	1535	1560	1582	1526	1547	1531	1484	1499	1490	1514	1518	1504	1489	1508	1510	1483	1469	1547	1512	1566	1592	1540	1576	1586	1500	1564	1532	1522	1530	1537	1509	1546	1508	1555	1526	1536	1548	1530	1518	1564	1510	1559	1534	1517
5010	5379	5786	6226	6427	6671	6794	6985	7026	7135	7029	6906	6789	6659	6442	6358	6135	6008	5718	5656	5397	5246	4922	4709	4391	4003	3849	3684	3445	3199	2940	2632	2375	2270	2052	2005	1877	1863	1749	1675	1619	1600	1563	1581	1564	1525	1502	1508	1426	1483	1443	1414	1376	1390	1375	1449	1386	1385	1363	1431	1409	1412	1445	1422	1416	1395	1401	1438	1425	1394	1410	1377	1375	1418	1438	1346	1375	1403	1347	1399	1325	1432	1360	1342	1386	1404	1356	1381	1395	1379	1449	1410	1368	1413	1395	1372	1448	1378	1397	1390	1410	1451	1436	1416	1390	1400	1399	1464	1436	1413	1439	1428	1422	1386	1429	1454	1426	1419	1493	1447	1414	1511	1410	1489	1466	1492	1500	1559	1442	1493	1498	1485	1492	1558	1472	1465	1444	1501	1428	1488	1466	1430	1497	1508	1440	1531	1482	1492	1482	1478	1517	1482	1463	1502	1439	1532	1500	1512	1499	1509	1486	1528	1511	1493	1541	1489	1491	1503	1492	1525	1494	1471	1417	1540	1527	1457	1518	1549	1481	1506	1520	1507	1469	1566	1470	1532	1628	1441	1508	1523	1513	1497	1542	1546	1449	1488	1448	1588	1503	1451	1545	1524	1474	1494	1456	1495	1496	1565	1554	1526	1521	1451	1473	1530	1461	1463	1492	1507	1510	1572	1527	1564	1545	1470	1517	1441	1532	1516	1456	1529	1443	1562	1536	1583	1500	1504	1494	1477	1529	1516	1523	1508	1551	1477	1458	1482	1519	1506	1508	1556	1652	1475	1505	1480	1486	1548	1518	1454	1520	1396	1524	1494	1590	1492	1459	1512	1495	1515	1470	1500	1549	1466	1453	1430	1484	1567	1493	1483	1508	1505	1536	1516	1502	1445	1469	1490	1503	1477	1486	1498	1455	1523	1480	1473	1497	1392	1466	1457	1479	1488	1500
5165	5650	5994	6262	6560	6904	6970	7142	7114	7043	6957	6912	6660	6576	6440	6220	6018	5877	5658	5481	5147	5029	4732	4595	4253	3914	3703	3586	3244	2977	2672	2443	2317	2096	1982	1829	1806	1638	1717	1616	1629	1609	1589	1474	1514	1527	1414	1409	1458	1484	1397	1416	1447	1436	1400	1367	1295	1361	1390	1323	1298	1315	1371	1345	1325	1364	1347	1306	1360	1389	1415	1348	1369	1322	1368	1311	1382	1311	1355	1399	1394	1366	1379	1355	1365	1438	1349	1396	1388	1376	1370	1454	1384	1344	1442	1348	1362	1379	1385	1433	1419	1393	1362	1332	1409	1386	1408	1396	1411	1414	1359	1416	1400	1467	1454	1396	1437	1369	1405	1437	1419	1473	1434	1430	1443	1473	1410	1489	1403	1426	1455	1417	1430	1458	1445	1414	1447	1484	1438	1409	1448	1433	1502	1439	1504	1438	1414	1488	1525	1450	1420	1433	1431	1438	1544	1463	1467	1449	1469	1442	1489	1469	1454	1497	1502	1450	1426	1487	1449	1468	1455	1438	1474	1486	1431	1508	1533	1432	1485	1547	1457	1520	1424	1421	1481	1481	1482	1468	1439	1446	1517	1486	1505	1522	1403	1531	1443	1480	1420	1497	1511	1439	1512	1447	1516	1458	1480	1441	1498	1519	1502	1444	1418	1503	1404	1467	1461	1469	1516	1416	1469	1451	1495	1466	1513	1496	1557	1445	1459	1479	1498	1461	1522	1485	1541	1485	1517	1514	1435	1496	1460	1459	1449	1456	1462	1439	1460	1517	1483	1471	1476	1527	1448	1483	1538	1468	1544	1476	1509	1489	1508	1456	1435	1536	1536	1445	1483	1468	1437	1417	1413	1425	1467	1453	1467	1437	1389	1504	1424	1430	1437	1446	1521	1471	1460	1490	1503	1457	1485	1474	1486	1425	1477	1430	1406	1486	1438	1421	1531	1458	1390
5359	5810	6048	6556	6835	6931	7073	7124	7067	7076	6994	6901	6705	6576	6469	6179	5969	5839	5681	5356	5039	4905	4582	4187	3957	3798	3534	3332	3049	2732	2430	2239	2106	1956	1838	1771	1699	1620	1574	1573	1532	1496	1394	1438	1444	1413	1439	1386	1392	1319	1370	1345	1347	1391	1377	1304	1263	1357	1317	1276	1331	1320	1293	1266	1306	1349	1298	1304	1266	1255	1306	1356	1244	1319	1286	1379	1293	1354	1359	1260	1284	1309	1396	1341	1327	1340	1396	1360	1356	1388	1345	1332	1347	1394	1335	1274	1310	1299	1361	1397	1320	1326	1345	1310	1383	1438	1332	1366	1362	1396	1420	1369	1438	1430	1401	1447	1427	1390	1390	1386	1473	1388	1384	1407	1476	1396	1364	1410	1423	1399	1399	1438	1401	1393	1401	1438	1462	1414	1380	1461	1452	1433	1448	1428	1445	1439	1377	1375	1430	1418	1403	1422	1452	1451	1474	1469	1423	1411	1411	1424	1384	1442	1397	1426	1471	1416	1454	1449	1418	1446	1349	1391	1452	1443	1430	1442	1465	1422	1412	1394	1430	1405	1393	1383	1518	1446	1419	1376	1476	1442	1459	1426	1446	1467	1463	1471	1442	1448	1455	1440	1408	1407	1489	1390	1447	1446	1487	1464	1426	1419	1399	1477	1405	1471	1466	1415	1435	1444	1418	1444	1478	1382	1500	1427	1391	1409	1431	1510	1462	1480	1482	1459	1418	1424	1485	1475	1433	1429	1484	1511	1470	1479	1470	1510	1479	1463	1491	1366	1402	1437	1474	1484	1431	1512	1440	1458	1474	1492	1441	1412	1408	1366	1387	1435	1400	1508	1391	1445	1458	1389	1373	1391	1409	1411	1417	1446	1455	1485	1436	1448	1437	1417	1377	1392	1418	1425	1405	1459	1393	1444	1374	1479	1422	1463	1480	1465	1468	1427	1471	1422	1475
5490	6058	6270	6595	6847	7002	7204	7276	7219	7232	7168	6887	6752	6581	6363	6077	5918	5693	5504	5217	5050	4744	4316	4084	3791	3545	3330	3091	2675	2523	2275	2085	1954	1853	1770	1782	1680	1578	1546	1532	1489	1422	1410	1401	1332	1340	1401	1330	1301	1415	1361	1334	1260	1329	1296	1282	1300	1360	1271	1277	1274	1295	1312	1256	1266	1293	1245	1261	1263	1326	1258	1318	1277	1278	1243	1264	1244	1353	1311	1334	1256	1313	1245	1237	1343	1298	1295	1295	1351	1273	1330	1355	1326	1338	1334	1381	1311	1376	1338	1354	1280	1296	1335	1368	1366	1361	1361	1378	1359	1319	1284	1390	1279	1358	1325	1415	1384	1347	1381	1349	1375	1347	1355	1373	1346	1278	1295	1403	1344	1382	1443	1457	1329	1337	1404	1369	1376	1369	1427	1369	1289	1450	1417	1375	1453	1334	1329	1419	1411	1396	1367	1428	1416	1391	1406	1396	1469	1357	1323	1421	1459	1358	1320	1337	1412	1380	1464	1422	1421	1475	1396	1376	1462	1387	1425	1410	1411	1437	1406	1417	1381	1402	1360	1402	1380	1378	1489	1434	1400	1440	1395	1391	1354	1439	1396	1413	1476	1457	1399	1439	1432	1373	1424	1438	1404	1418	1412	1395	1380	1395	1367	1389	1410	1419	1461	1348	1384	1414	1446	1407	1417	1419	1412	1390	1439	1425	1416	1426	1387	1424	1396	1393	1442	1426	1377	1399	1409	1401	1386	1380	1433	1482	1391	1413	1452	1402	1356	1379	1399	1433	1440	1356	1461	1383	1401	1393	1386	1400	1415	1407	1429	1393	1426	1383	1426	1373	1420	1378	1429	1403	1377	1394	1394	1370	1411	1363	1423	1390	1432	1365	1341	1395	1356	1394	1465	1469	1380	1415	1395	1431	1419	1454	1412	1414	1409	1398	1366	1408	1414	1380	1395
5715	6131	6489	6760	7018	7122	7226	7255	7298	7275	7096	6913	6703	6477	6334	6048	5819	5576	5422	5148	4881	4548	4190	3981	3653	3459	3180	2873	2566	2302	2150	2012	1948	1757	1677	1630	1568	1507	1440	1439	1389	1387	1442	1436	1374	1366	1360	1286	1326	1311	1297	1247	1257	1288	1298	1244	1337	1240	1218	1258	1211	1276	1263	1264	1269	1219	1279	1284	1265	1243	1279	1261	1266	1242	1249	1248	1214	1292	1277	1277	1278	1310	1287	1287	1217	1330	1264	1264	1296	1292	1273	1274	1232	1247	1323	1263	1296	1284	1271	1328	1306	1349	1276	1300	1277	1343	1283	1276	1304	1313	1367	1341	1299	1354	1281	1309	1363	1227	1291	1328	1338	1333	1342	1327	1350	1330	1297	1394	1326	1329	1362	1369	1386	1328	1338	1354	1368	1362	1349	1363	1346	1360	1390	1284	1369	1329	1407	1324	1436	1341	1383	1420	1315	1366	1417	1403	1307	1329	1331	1366	1373	1423	1391	1327	1369	1397	1375	1356	1354	1385	1337	1373	1333	1345	1378	1346	1436	1395	1367	1319	1319	1358	1387	1373	1375	1395	1404	1387	1358	1402	1423	1431	1351	1415	1369	1327	1353	1394	1341	1357	1354	1373	1381	1362	1410	1375	1401	1366	1345	1333	1386	1430	1371	1361	1367	1390	1353	1303	1369	1374	1376	1325	1396	1288	1380	1435	1387	1332	1359	1414	1336	1390	1384	1378	1363	1436	1407	1404	1395	1381	1346	1393	1400	1376	1388	1349	1344	1424	1412	1323	1330	1345	1377	1419	1410	1399	1376	1317	1377	1316	1422	1336	1313	1363	1337	1375	1375	1369	1271	1328	1375	1327	1284	1362	1336	1354	1296	1357	1404	1355	1337	1372	1394	1348	1333	1316	1424	1334	1305	1341	1288	1358	1377	1326	1386	1332	1390	1364	1372	1336	1337
5888	6234	6648	6891	7184	7186	7299	7307	7258	7167	7029	6816	6733	6477	6253	5994	5710	5525	5367	4980	4666	4442	4077	3850	3531	3337	3024	2610	2404	2095	1952	1877	1696	1669	1622	1611	1516	1418	1449	1431	1390	1327	1367	1352	1347	1271	1298	1278	1258	1326	1262	1198	1221	1225	1228	1176	1241	1185	1253	1212	1210	1251	1197	1211	1283	1279	1216	1291	1236	1296	1219	1181	1251	1255	1200	1252	1211	1259	1251	1276	1243	1234	1237	1273	1236	1265	1298	1236	1262	1271	1242	1237	1279	1276	1293	1322	1347	1269	1260	1238	1275	1226	1283	1298	1255	1242	1309	1275	1302	1268	1263	1353	1274	1300	1301	1292	1318	1296	1327	1324	1267	1266	1376	1281	1254	1327	1339	1323	1243	1280	1255	1297	1329	1327	1364	1373	1311	1244	1256	1308	1352	1376	1301	1352	1272	1379	1332	1362	1289	1277	1363	1341	1335	1355	1326	1292	1344	1372	1338	1305	1363	1308	1305	1296	1312	1360	1325	1278	1302	1323	1385	1297	1381	1350	1344	1324	1300	1311	1316	1325	1325	1324	1368	1373	1366	1278	1256	1356	1336	1305	1383	1322	1362	1331	1300	1398	1394	1359	1337	1302	1327	1355	1317	1325	1299	1326	1367	1349	1300	1375	1333	1322	1346	1403	1315	1375	1307	1312	1369	1356	1297	1352	1338	1340	1404	1324	1325	1318	1383	1319	1329	1321	1343	1374	1348	1389	1347	1327	1310	1293	1344	1359	1384	1379	1304	1447	1339	1331	1350	1399	1401	1363	1333	1386	1334	1387	1322	1314	1339	1374	1374	1339	1322	1334	1366	1350	1328	1298	1292	1364	1333	1342	1341	1330	1313	1306	1365	1278	1278	1311	1346	1293	1354	1308	1358	1394	1314	1340	1302	1280	1305	1371	1333	1355	1335	1330	1299	1291	1320	1353	1358
5910	6415	6786	6991	7239	7343	7358	7369	7356	7185	7011	6799	6674	6373	6134	5912	5672	5501	5198	4825	4595	4164	3880	3656	3414	3051	2736	2339	2162	1973	1938	1797	1693	1542	1477	1504	1463	1430	1381	1423	1373	1264	1312	1301	1225	1261	1298	1305	1194	1242	1198	1312	1230	1210	1251	1200	1195	1185	1184	1197	1200	1224	1188	1211	1178	1260	1204	1216	1206	1234	1207	1141	1245	1162	1206	1215	1276	1186	1241	1180	1190	1211	1235	1244	1265	1263	1252	1245	1273	1278	1201	1186	1221	1256	1238	1277	1322	1295	1217	1251	1181	1252	1249	1218	1251	1246	1243	1260	1310	1278	1249	1294	1212	1330	1241	1327	1221	1279	1302	1265	1305	1259	1264	1249	1327	1263	1309	1330	1294	1224	1270	1291	1332	1340	1278	1340	1257	1311	1289	1286	1297	1272	1280	1294	1286	1304	1339	1263	1336	1297	1371	1367	1258	1261	1310	1360	1279	1327	1292	1307	1250	1345	1297	1268	1312	1319	1270	1340	1318	1348	1300	1347	1306	1310	1319	1308	1302	1298	1278	1336	1262	1329	1311	1342	1284	1315	1324	1244	1337	1325	1286	1290	1288	1325	1285	1292	1367	1360	1344	1365	1306	1343	1320	1277	1330	1267	1312	1284	1310	1279	1338	1292	1364	1330	1321	1283	1352	1336	1328	1344	1306	1344	1385	1369	1284	1290	1355	1361	1307	1280	1294	1328	1294	1353	1315	1316	1239	1274	1323	1268	1339	1253	1317	1339	1275	1368	1295	1262	1342	1306	1318	1351	1314	1348	1292	1311	1304	1305	1315	1334	1304	1313	1314	1305	1262	1343	1292	1287	1275	1283	1258	1304	1297	1276	1353	1306	1316	1281	1259	1322	1303	1282	1333	1283	1314	1237	1299	1275	1354	1352	1316	1343	1281	1317	1295	1277	1307	1296	1297	1312	1273
6150	6483	6858	7228	7318	7373	7387	7320	7313	7220	6953	6782	6477	6314	6080	5880	5605	5323	5003	4648	4411	4060	3705	3581	3313	2810	2474	2270	2061	1919	1835	1663	1677	1622	1487	1470	1438	1377	1366	1358	1309	1291	1267	1262	1245	1224	1261	1228	1220	1189	1207	1227	1235	1219	1222	1236	1231	1158	1155	1219	1192	1196	1215	1167	1206	1204	1157	1167	1171	1192	1199	1221	1146	1220	1278	1185	1173	1176	1154	1178	1191	1192	1252	1213	1243	1194	1212	1217	1178	1164	1179	1232	1268	1192	1236	1226	1224	1234	1209	1184	1247	1202	1184	1232	1299	1238	1140	1220	1226	1237	1220	1199	1275	1241	1288	1311	1267	1272	1226	1217	1253	1224	1282	1229	1275	1307	1282	1277	1245	1240	1270	1303	1197	1265	1294	1262	1283	1274	1264	1280	1338	1253	1305	1233	1261	1262	1332	1260	1308	1304	1290	1269	1279	1344	1188	1247	1253	1255	1225	1258	1295	1278	1284	1278	1248	1237	1248	1279	1302	1256	1281	1232	1294	1329	1278	1332	1283	1358	1368	1190	1252	1282	1282	1279	1249	1258	1305	1275	1229	1341	1257	1245	1232	1255	1264	1281	1330	1285	1325	1316	1289	1228	1281	1319	1274	1263	1312	1307	1276	1295	1271	1294	1306	1255	1275	1262	1259	1343	1300	1252	1327	1233	1292	1317	1273	1326	1270	1226	1284	1296	1248	1260	1368	1322	1282	1236	1272	1266	1309	1236	1269	1277	1253	1253	1271	1238	1299	1272	1247	1297	1287	1220	1255	1239	1338	1262	1274	1237	1218	1273	1286	1261	1285	1317	1308	1315	1243	1222	1326	1279	1247	1246	1306	1261	1250	1260	1313	1220	1271	1252	1290	1286	1266	1249	1322	1283	1337	1302	1228	1323	1272	1302	1283	1271	1209	1304	1290	1297	1250	1242	1290
6230	6663	7076	7239	7489	7550	7483	7444	7336	7170	6985	6707	6494	6268	6044	5744	5443	5317	4999	4590	4234	3903	3643	3425	2946	2619	2288	2047	1855	1802	1719	1670	1585	1477	1407	1362	1367	1362	1381	1309	1280	1259	1254	1296	1220	1233	1209	1200	1152	1229	1209	1240	1127	1147	1202	1240	1131	1128	1165	1090	1187	1170	1140	1189	1125	1205	1172	1116	1184	1160	1130	1215	1198	1182	1187	1184	1201	1206	1185	1170	1158	1233	1122	1208	1181	1201	1180	1192	1193	1209	1160	1254	1222	1153	1197	1228	1228	1228	1207	1195	1195	1252	1162	1212	1236	1183	1261	1175	1235	1235	1174	1270	1205	1186	1198	1244	1215	1200	1227	1276	1233	1299	1220	1237	1239	1202	1207	1192	1253	1213	1238	1275	1248	1232	1194	1270	1231	1275	1265	1247	1199	1210	1205	1281	1255	1199	1215	1207	1247	1206	1254	1210	1246	1276	1211	1206	1277	1257	1228	1219	1204	1250	1277	1272	1262	1280	1300	1227	1247	1222	1273	1277	1280	1256	1248	1167	1286	1267	1256	1254	1237	1267	1220	1254	1276	1287	1226	1279	1263	1260	1232	1206	1217	1272	1185	1304	1293	1299	1249	1259	1259	1280	1301	1169	1291	1223	1317	1220	1202	1306	1265	1292	1222	1285	1279	1223	1305	1251	1239	1279	1223	1304	1293	1235	1293	1252	1275	1274	1248	1269	1282	1259	1249	1277	1250	1260	1265	1243	1284	1233	1199	1290	1236	1301	1244	1238	1267	1280	1274	1257	1223	1207	1232	1282	1206	1233	1278	1247	1245	1291	1212	1271	1292	1254	1270	1188	1238	1268	1196	1248	1233	1237	1219	1217	1197	1210	1338	1208	1239	1219	1235	1282	1240	1310	1211	1246	1287	1314	1264	1251	1233	1269	1270	1211	1230	1215	1234	1221	1222	1279	1223
6418	6866	7182	7402	7431	7580	7572	7465	7390	7166	6934	6664	6456	6145	5942	5697	5405	5063	4835	4325	4083	3824	3460	3236	2792	2456	2198	1957	1860	1719	1726	1589	1513	1447	1395	1345	1382	1302	1354	1202	1279	1175	1244	1262	1160	1175	1205	1230	1154	1148	1164	1176	1166	1170	1186	1170	1166	1160	1101	1160	1122	1150	1100	1149	1173	1122	1099	1171	1197	1172	1135	1225	1140	1156	1158	1140	1212	1140	1150	1202	1134	1172	1175	1158	1203	1215	1149	1113	1206	1152	1157	1168	1148	1177	1127	1161	1154	1137	1150	1129	1260	1155	1124	1204	1154	1185	1250	1159	1195	1234	1186	1177	1225	1200	1235	1237	1172	1207	1252	1189	1188	1261	1196	1242	1206	1206	1184	1212	1183	1174	1227	1258	1188	1240	1207	1147	1193	1209	1208	1260	1297	1186	1203	1246	1205	1192	1211	1225	1200	1252	1222	1173	1162	1250	1250	1302	1270	1209	1197	1282	1217	1194	1233	1184	1239	1197	1225	1197	1204	1200	1226	1226	1284	1267	1236	1231	1262	1238	1223	1232	1227	1225	1239	1191	1208	1193	1198	1234	1247	1190	1208	1232	1274	1241	1286	1202	1208	1228	1213	1254	1216	1271	1239	1226	1166	1281	1272	1255	1194	1188	1214	1227	1287	1258	1210	1223	1171	1130	1243	1219	1268	1186	1248	1233	1187	1140	1229	1230	1214	1180	1230	1199	1270	1223	1266	1280	1232	1223	1238	1240	1200	1229	1324	1174	1263	1204	1212	1212	1192	1219	1248	1248	1221	1184	1231	1265	1255	1249	1310	1161	1216	1289	1193	1273	1159	1222	1223	1261	1212	1215	1173	1206	1249	1184	1231	1237	1288	1217	1278	1274	1186	1215	1220	1213	1191	1203	1267	1267	1230	1201	1283	1232	1197	1240	1179	1233	1265	1172	1174	1196	1223
6638	7028	7255	7482	7576	7531	7622	7505	7367	7063	6958	6646	6399	6118	5963	5627	5204	4970	4715	4315	3879	3619	3380	3041	2528	2234	2068	1894	1785	1607	1551	1491	1449	1442	1370	1359	1366	1297	1251	1217	1278	1173	1174	1162	1173	1184	1182	1176	1133	1180	1154	1103	1098	1121	1160	1072	1104	1152	1113	1131	1138	1075	1156	1145	1124	1136	1071	1134	1092	1136	1152	1137	1118	1195	1154	1177	1139	1114	1147	1115	1126	1166	1181	1155	1120	1205	1144	1136	1109	1135	1131	1171	1141	1137	1098	1173	1212	1208	1191	1210	1180	1167	1091	1142	1183	1171	1209	1201	1136	1195	1182	1193	1223	1159	1204	1184	1143	1220	1173	1177	1141	1201	1124	1183	1205	1162	1133	1155	1194	1198	1208	1230	1214	1179	1186	1165	1214	1191	1211	1148	1215	1177	1138	1219	1131	1215	1158	1214	1168	1176	1130	1220	1170	1243	1271	1205	1181	1176	1218	1254	1211	1192	1168	1211	1156	1150	1215	1215	1171	1154	1210	1213	1161	1264	1266	1241	1232	1221	1220	1249	1201	1176	1201	1203	1240	1184	1247	1228	1186	1218	1177	1240	1233	1228	1236	1248	1168	1198	1126	1212	1227	1214	1182	1164	1191	1146	1217	1184	1174	1143	1225	1224	1174	1206	1185	1182	1166	1145	1209	1210	1216	1201	1186	1221	1221	1147	1213	1156	1157	1219	1186	1179	1154	1253	1186	1236	1232	1217	1280	1169	1178	1195	1199	1274	1183	1176	1192	1202	1223	1256	1160	1268	1148	1194	1194	1172	1237	1190	1186	1219	1215	1253	1188	1222	1128	1161	1190	1226	1208	1170	1222	1209	1204	1165	1168	1162	1149	1151	1203	1173	1130	1195	1204	1201	1266	1149	1189	1186	1294	1235	1234	1207	1182	1190	1193	1211	1188	1227	1204	1170	1211
6770	7130	7463	7554	7655	7714	7611	7483	7208	7127	6835	6514	6375	6048	5782	5588	5151	4952	4586	4095	3828	3528	3189	2688	2342	2065	1970	1782	1627	1595	1533	1504	1359	1370	1245	1249	1221	1229	1266	1190	1163	1174	1176	1220	1108	1123	1115	1122	1152	1175	1090	1131	1086	1099	1125	1162	1155	1031	1029	1061	1148	1077	1074	1145	1096	1089	1090	1120	1095	1088	1054	1146	1117	1132	1097	1110	1126	1083	1086	1142	1135	1093	1179	1146	1064	1168	1166	1149	1142	1174	1129	1071	1168	1085	1093	1174	1139	1152	1084	1143	1137	1114	1123	1141	1129	1156	1101	1184	1150	1155	1181	1264	1128	1160	1144	1152	1242	1214	1090	1190	1205	1181	1154	1189	1134	1178	1183	1179	1108	1203	1163	1162	1130	1123	1185	1121	1187	1173	1118	1213	1189	1141	1134	1096	1137	1169	1178	1144	1144	1154	1196	1173	1171	1170	1175	1217	1146	1222	1226	1168	1228	1138	1172	1175	1221	1181	1163	1163	1231	1196	1168	1160	1221	1138	1202	1128	1171	1135	1186	1150	1214	1188	1162	1223	1185	1158	1153	1192	1220	1180	1159	1210	1264	1223	1203	1134	1147	1152	1193	1183	1195	1191	1157	1147	1177	1178	1198	1196	1140	1163	1166	1153	1137	1185	1176	1180	1143	1177	1214	1173	1181	1183	1206	1222	1191	1189	1172	1184	1199	1182	1135	1167	1181	1163	1161	1193	1151	1245	1211	1188	1174	1223	1104	1162	1199	1183	1229	1208	1189	1140	1126	1233	1241	1207	1159	1143	1222	1184	1149	1178	1170	1117	1169	1127	1157	1161	1188	1126	1175	1163	1137	1165	1149	1176	1150	1164	1158	1187	1159	1171	1174	1151	1205	1192	1221	1210	1223	1155	1219	1197	1141	1214	1157	1209	1191	1112	1167	1161	1189	1105	1116
6780	7220	7441	7652	7719	7669	7639	7509	7299	7093	6786	6555	6266	5925	5759	5492	5175	4797	4301	4004	3607	3425	2918	2472	2156	1904	1861	1764	1593	1498	1378	1423	1385	1340	1263	1247	1215	1297	1206	1217	1154	1123	1140	1147	1158	1106	1170	1111	1153	1136	1101	1079	1068	1112	1084	1104	1075	1060	1131	1094	1016	1084	1070	1061	1073	1099	1043	1017	1086	1043	1064	1107	1096	1052	1109	1079	1044	1097	1063	1059	1129	1146	1089	1124	1103	1141	1130	1064	1130	1082	1176	1076	1147	1120	1170	1102	1127	1096	1111	1131	1110	1130	1058	1118	1171	1130	1132	1111	1130	1127	1154	1103	1121	1126	1146	1144	1129	1119	1167	1182	1204	1161	1102	1164	1148	1112	1174	1142	1163	1216	1166	1155	1078	1123	1137	1113	1183	1150	1171	1238	1162	1112	1128	1096	1164	1162	1164	1107	1164	1179	1110	1176	1153	1125	1160	1201	1151	1203	1133	1148	1202	1158	1189	1164	1158	1106	1150	1148	1182	1194	1165	1127	1154	1196	1199	1172	1163	1152	1193	1146	1108	1138	1088	1215	1185	1128	1193	1181	1162	1205	1099	1147	1155	1178	1163	1118	1130	1207	1165	1157	1130	1161	1187	1206	1111	1167	1109	1154	1188	1130	1215	1170	1084	1189	1173	1178	1154	1168	1150	1123	1143	1134	1146	1184	1150	1142	1171	1190	1180	1175	1163	1179	1155	1153	1178	1189	1143	1125	1159	1174	1131	1119	1173	1145	1183	1094	1171	1136	1083	1127	1157	1178	1139	1129	1135	1122	1103	1130	1123	1158	1135	1126	1135	1106	1126	1129	1173	1113	1131	1165	1171	1143	1156	1213	1145	1175	1179	1134	1155	1168	1124	1105	1163	1110	1146	1112	1114	1195	1170	1139	1176	1151	1103	1128	1152	1138	1141	1103	1111	1119	1142
7022	7305	7636	7767	7848	7772	7677	7423	7352	7131	6838	6502	6242	5932	5692	5324	4965	4654	4204	3894	3538	3294	2762	2397	2117	1943	1776	1647	1571	1439	1407	1429	1246	1306	1238	1198	1171	1160	1215	1172	1134	1136	1098	1110	1135	1062	1093	1047	1097	1062	1094	1072	1040	1087	1074	1106	1044	1037	1068	1072	1038	1059	1120	1032	1065	1080	1083	1136	1033	1033	1009	1074	1097	1096	1126	1058	1032	1076	1075	1070	1095	1126	1052	1112	1084	1073	1086	1090	1095	1062	1087	1068	1073	1043	1148	1069	1077	1126	1032	1125	1100	1078	1091	1039	1094	1108	1127	1134	1121	1079	1101	1087	1145	1090	1143	1160	1145	1118	1116	1114	1178	1187	1038	1099	1112	1119	1077	1095	1126	1148	1122	1121	1148	1084	1103	1136	1188	1136	1126	1119	1075	1095	1138	1103	1126	1104	1168	1158	1127	1127	1098	1118	1137	1129	1139	1154	1112	1159	1155	1160	1139	1136	1171	1113	1133	1147	1108	1187	1166	1143	1117	1147	1155	1204	1114	1157	1088	1117	1128	1142	1121	1108	1138	1126	1124	1098	1132	1102	1145	1164	1154	1114	1165	1142	1180	1132	1114	1171	1146	1039	1109	1118	1105	1094	1157	1096	1130	1146	1082	1094	1119	1073	1128	1141	1128	1132	1157	1141	1097	1095	1106	1126	1104	1130	1102	1097	1110	1155	1124	1106	1132	1122	1130	1086	1127	1163	1102	1135	1072	1142	1173	1140	1140	1157	1082	1127	1099	1154	1163	1115	1084	1128	1092	1158	1138	1147	1137	1099	1051	1117	1072	1123	1097	1105	1134	1129	1173	1155	1124	1121	1138	1186	1110	1071	1116	1117	1085	1111	1088	1099	1142	1148	1132	1111	1188	1090	1117	1131	1093	1066	1141	1151	1117	1128	1112	1118	1122	1140	1086	1088	1133
7247	7424	7682	7808	7840	7834	7677	7485	7260	7036	6745	6454	6153	5806	5534	5259	4875	4431	4082	3762	3496	3014	2509	2150	2058	1784	1667	1539	1446	1389	1437	1392	1367	1237	1239	1245	1209	1179	1102	1137	1143	1180	1160	1135	1060	1136	1043	1096	1041	1099	1116	1098	1110	1057	1100	1064	1052	1062	1106	1023	1046	979	1026	1055	1030	1057	1075	1065	1069	1059	1036	1075	1078	1065	1037	1025	1016	1051	1049	1063	1084	1031	1101	1046	1015	1081	1050	1048	1068	1074	1080	1054	1075	1095	1102	1049	1103	1015	1101	1063	1058	1076	1067	1101	1056	1086	1073	1047	1072	1159	1031	1151	1125	1084	1046	1100	1099	1126	1144	1116	1100	1149	1093	1104	1095	1116	1087	1103	1117	1108	1133	1102	1045	1134	1088	1079	1089	1117	1068	1104	1172	1124	1088	1104	1056	1093	1151	1070	1052	1119	1110	1166	1102	1111	1118	1133	1138	1154	1122	1149	1128	1091	1129	1076	1152	1068	1128	1155	1132	1149	1119	1130	1144	1085	1135	1097	1097	1113	1110	1141	1068	1044	1101	1111	1106	1116	1132	1039	1103	1128	1103	1111	1087	1143	1091	1163	1097	1084	1113	1155	1091	1135	1052	1149	1170	1106	1118	1127	1086	1022	1072	1097	1081	1082	1118	1122	1105	1120	1135	1151	1043	1067	1136	1143	1062	1075	1090	1187	1078	1106	1116	1156	1119	1065	1203	1133	1082	1084	1109	1090	1137	1110	1099	1090	1139	1121	1125	1120	1081	1093	1135	1111	1119	1121	1105	1082	1112	1099	1084	1104	1144	1063	1098	1101	1108	1103	1113	1082	1101	1110	1141	1125	1166	1134	1068	1068	1071	1072	1036	1138	1100	1092	1103	1174	1087	1141	1135	1080	1097	1130	1123	1060	1101	1119	1079	1060	1042	1046	1064	1067	1122
