0	0	0	0	0	0	0	0	1	0	0	0	0	0	0	1	0	0	0	0	2	2	0	0	1	0	2	2	0	2	2	2	3	2	4	8	4	3	6	7	7	4	8	6	7	10	14	6	11	14	15	9	17	11	16	13	11	18	15	17	18	22	22	20	18	19	26	18	21	31	35	37	23	42	27	35	42	32	46	47	38	39	35	38	41	55	56	52	50	52	51	57	49	56	65	57	58	75	72	65	71	87	91	73	80	79	86	96	103	89	96	91	80	96	107	104	102	104	109	137	129	94	119	129	121	125	106	127	115	133	130	137	150	155	144	161	153	166	172	137	169	169	151	161	212	168	182	166	206	188	192	177	207	186	192	179	208	183	186	208	216	208	259	227	231	244	218	239	219	251	237	268	227	242	242	269	273	277	232	287	286	279	237	273	260	269	289	277	311	312	296	292	273	303	328	327	307	294	315	339	330	336	358	349	361	345	325	316	341	362	372	340	363	386	409	325	411	359	350	382	382	384	357	382	397	378	409	375	392	463	404	386	429	444	437	410	454	396	437	478	424	484	457	465	485	454	497	475	437	462	474	451	495	493	458	443	491	501	506	549	480	509	517	514	577	506	522	510	549	561	513	581	522	535	542	511	548	578	508	579	579	542	570	569	572	603	614	569	588	597	606	599	670	625	633	612	596	630	645	630	640
0	0	0	0	0	0	0	0	0	1	0	1	1	0	2	3	2	2	3	5	1	6	4	5	7	8	10	13	5	12	10	21	22	29	29	17	30	27	42	39	38	32	54	38	55	47	63	56	65	69	73	63	78	86	95	95	99	120	95	123	115	121	115	146	118	146	138	146	150	147	159	165	175	164	209	205	204	205	181	207	226	221	229	302	239	286	273	287	289	272	302	304	320	313	316	330	343	296	368	368	396	366	379	381	395	404	398	417	424	418	434	406	432	441	469	465	533	492	480	527	526	537	563	513	550	563	501	548	600	564	602	592	622	634	570	637	655	650	656	617	634	637	650	710	746	723	699	684	702	710	733	755	701	759	805	764	764	787	800	831	775	797	859	785	842	827	826	856	869	889	865	916	902	899	902	906	902	880	911	925	901	953	971	1030	908	1022	1004	1012	997	998	1026	1044	1029	1029	1055	1035	960	1056	1057	1040	1083	1102	1089	1131	1077	1148	1139	1109	1162	1094	1135	1145	1158	1173	1229	1162	1113	1202	1201	1173	1140	1219	1217	1249	1170	1256	1223	1262	1330	1262	1295	1257	1332	1278	1282	1220	1297	1304	1281	1374	1309	1342	1354	1365	1319	1386	1350	1331	1345	1394	1417	1384	1401	1432	1370	1444	1412	1432	1362	1455	1429	1448	1394	1447	1463	1431	1526	1464	1481	1480	1460	1542	1503	1527	1556	1561	1503	1512	1537	1574	1587	1589	1611	1497	1615	1559	1588	1618	1644	1557	1570	1660	1623	1645	1646	1587	1604	1640	1701	1713	1664
0	0	0	0	0	0	0	0	1	0	0	2	2	4	3	8	7	12	6	13	15	15	24	22	27	28	31	24	49	38	47	55	60	67	65	83	69	88	82	93	104	100	134	146	123	128	152	172	151	199	168	197	227	216	230	243	254	240	270	273	298	295	327	301	336	361	313	367	394	445	425	399	480	469	470	476	480	485	569	517	542	589	553	619	586	676	616	644	665	675	674	683	698	736	697	693	680	800	803	782	784	831	839	847	875	866	912	897	907	960	952	1026	925	971	1046	1049	1030	1020	981	1096	1028	1105	1077	1084	1101	1158	1198	1211	1220	1194	1226	1209	1313	1257	1262	1282	1257	1331	1336	1327	1337	1421	1406	1385	1403	1465	1413	1408	1391	1521	1455	1459	1503	1527	1485	1585	1554	1496	1521	1471	1577	1590	1596	1595	1599	1580	1640	1654	1739	1548	1705	1610	1689	1721	1725	1688	1776	1759	1720	1778	1757	1837	1881	1897	1823	1843	1826	1865	1867	1836	1859	1936	1819	1909	1987	1899	1974	1864	1959	1957	2015	1942	1959	1960	1998	2050	1999	1978	2030	2042	2036	2062	2210	2052	2189	2163	2108	2099	2173	2139	2125	2156	2175	2189	2142	2231	2141	2146	2180	2217	2247	2221	2309	2243	2261	2297	2321	2270	2306	2322	2376	2334	2404	2378	2317	2305	2426	2503	2491	2409	2488	2432	2464	2418	2474	2479	2528	2492	2514	2569	2518	2579	2554	2546	2591	2624	2656	2669	2673	2647	2627	2699	2670	2631	2669	2660	2693	2718	2780	2779	2691	2794	2705	2784	2789	2834	2917	2806	2809	2817	2792	2893	2961	2886	2832	2967	2887	2920	2891	2908	3078
0	0	2	1	0	1	2	3	3	7	4	3	9	9	15	15	17	17	15	22	28	41	44	46	61	53	68	75	69	94	100	126	135	151	144	128	157	161	148	200	216	212	229	250	243	249	311	289	316	340	364	367	375	403	413	455	437	496	505	518	535	597	563	598	618	654	672	638	681	706	744	804	771	767	825	823	793	852	888	880	911	933	998	922	987	1073	1050	1095	1060	1083	1119	1163	1185	1225	1219	1218	1303	1258	1237	1262	1325	1321	1332	1332	1422	1453	1448	1433	1508	1512	1531	1512	1534	1500	1604	1656	1637	1635	1732	1746	1760	1716	1751	1783	1838	1866	1829	1863	1856	1827	1920	1941	1891	1938	1935	2010	1983	1909	2042	2047	2017	2069	2074	2131	2052	2037	2147	2138	2233	2180	2211	2220	2226	2267	2234	2291	2268	2296	2329	2355	2311	2329	2318	2421	2362	2470	2398	2391	2436	2424	2462	2558	2606	2525	2583	2609	2554	2595	2535	2708	2604	2586	2608	2685	2658	2685	2708	2759	2741	2752	2827	2824	2801	2895	2782	2824	2862	2865	2866	2970	2973	2908	2981	2986	2965	3067	3019	3041	3069	3140	3109	3113	3099	3200	3158	3229	3187	3226	3228	3247	3185	3307	3258	3363	3272	3345	3355	3386	3418	3426	3395	3433	3410	3515	3518	3513	3476	3528	3517	3550	3571	3615	3614	3620	3634	3657	3704	3652	3674	3737	3654	3724	3736	3790	3769	3848	3831	3807	3883	3893	3889	3826	3831	3879	4007	4067	3895	4005	3928	4015	3969	3986	4002	4041	4154	4039	4043	4126	4099	4102	4168	4097	4177	4224	4297	4200	4224	4240	4226	4190	4261	4259	4265	4270	4262	4291	4385	4472	4355	4471	4353
0	1	0	2	0	1	6	4	5	7	10	8	11	17	25	21	26	47	53	49	56	67	76	94	97	110	102	111	157	164	164	196	191	232	252	267	292	278	315	322	326	324	380	381	408	433	477	515	545	548	596	613	585	663	699	627	688	743	779	846	815	850	869	957	968	977	964	1028	993	1024	1120	1139	1191	1192	1242	1279	1262	1282	1317	1341	1364	1439	1487	1523	1510	1488	1515	1569	1563	1617	1650	1673	1618	1708	1729	1730	1779	1844	1825	1843	1849	1920	1953	1938	2002	1938	2039	2092	2065	2017	2152	2092	2155	2245	2201	2199	2193	2276	2306	2284	2329	2343	2458	2431	2425	2457	2611	2531	2458	2581	2613	2596	2682	2609	2501	2673	2787	2747	2724	2646	2880	2832	2746	2756	2890	2865	2861	2923	3086	2996	2966	3062	3042	3071	3087	3141	3139	3167	3168	3165	3298	3393	3277	3299	3389	3344	3349	3445	3480	3436	3479	3441	3539	3452	3506	3548	3656	3645	3593	3698	3759	3676	3825	3878	3851	3849	3909	3968	3874	3882	3926	3897	4081	4079	3960	4066	4032	4014	4112	4165	4143	4114	4193	4257	4289	4234	4349	4362	4374	4368	4397	4411	4359	4373	4445	4386	4481	4446	4550	4544	4559	4590	4666	4574	4619	4556	4687	4709	4738	4724	4659	4713	4770	4717	4755	4778	4812	4801	4765	4811	4823	4786	4867	4897	4861	4920	4884	4806	4936	4933	4892	4874	4934	4997	5013	4938	4992	4996	4958	4936	4963	4969	5003	4970	5054	5072	5020	5079	5124	5192	5091	5081	5030	5032	5073	5052	5025	5064	5034	5113	5077	5124	5198	5079	5052	5095	5188	5252	5182	5194	5118	5146	5185	5290	5211	5273	5243	5163	5147	5275	5204
2	5	1	4	2	7	5	6	15	14	16	26	33	31	47	53	63	64	73	91	106	113	125	142	177	193	184	212	233	255	283	281	327	363	396	413	469	428	487	495	535	573	584	627	625	681	713	780	815	811	842	861	913	976	1037	988	985	1084	1100	1142	1198	1171	1212	1183	1300	1309	1342	1388	1447	1502	1514	1463	1560	1616	1623	1679	1649	1702	1766	1794	1878	1879	1845	1895	1937	2015	2108	2040	2042	2125	2192	2261	2306	2262	2310	2306	2332	2333	2496	2427	2539	2543	2510	2578	2654	2566	2687	2720	2744	2800	2871	2897	2871	2784	3000	2995	3095	3088	3057	3188	3204	3160	3140	3271	3340	3367	3280	3452	3408	3437	3379	3493	3511	3578	3557	3537	3681	3700	3666	3743	3772	3798	3833	3943	3893	3959	3890	4001	3969	4039	4040	4050	4102	4135	4142	4161	4303	4258	4347	4374	4387	4441	4501	4434	4391	4550	4518	4548	4442	4675	4654	4623	4679	4719	4726	4716	4886	4807	4818	4826	4835	4843	4816	4992	4901	5017	4938	4967	4985	5024	5010	5059	4917	5123	5005	5095	5076	5016	5072	5192	5125	5094	5217	5287	5153	5129	5152	5261	5169	5235	5203	5308	5285	5325	5395	5323	5287	5342	5358	5394	5306	5390	5361	5344	5394	5457	5369	5482	5448	5522	5463	5423	5497	5399	5376	5447	5397	5562	5504	5557	5480	5477	5475	5443	5592	5428	5453	5556	5558	5538	5534	5473	5509	5495	5448	5557	5563	5537	5589	5570	5515	5561	5662	5549	5447	5637	5549	5571	5495	5531	5476	5557	5531	5558	5580	5602	5601	5585	5606	5569	5671	5550	5674	5609	5596	5669	5533	5663	5630	5631	5635	5649	5642	5665	5718	5649	5680	5647	5593	5616	5630
0	3	2	4	5	6	8	14	18	26	22	36	43	45	82	106	97	98	138	148	167	172	228	239	258	273	314	353	370	393	401	468	449	544	531	577	620	658	702	686	715	780	829	869	951	918	989	1015	998	1069	1170	1172	1178	1204	1238	1365	1388	1414	1569	1548	1538	1562	1590	1701	1744	1705	1841	1858	1908	1895	2049	2066	2027	2179	2286	2212	2252	2334	2280	2348	2474	2495	2532	2607	2631	2604	2716	2764	2781	2772	2828	2890	2896	2966	3045	2994	3033	3213	3192	3213	3233	3246	3346	3382	3447	3413	3478	3582	3555	3648	3726	3616	3635	3815	3834	3803	3806	4005	3860	3932	3974	4141	4108	4108	4094	4221	4291	4330	4254	4365	4405	4505	4528	4566	4536	4622	4632	4651	4628	4706	4710	4890	4866	4864	4962	4959	4985	4979	4993	5052	5098	5032	5142	5198	5173	5312	5196	5260	5237	5216	5383	5357	5202	5428	5337	5258	5387	5390	5364	5438	5463	5459	5464	5612	5581	5574	5607	5659	5603	5644	5651	5514	5631	5711	5568	5660	5687	5671	5645	5774	5706	5629	5767	5708	5709	5645	5758	5755	5765	5878	5836	5856	5791	5837	5766	5726	5768	5789	5717	5848	5743	5838	5844	5787	5790	5897	5846	5801	5849	5819	5862	5810	5799	5894	5895	5854	5805	5874	5834	5828	5871	5833	5888	5882	5998	5844	5823	5811	5803	5869	5911	5905	5862	5947	5939	5887	5846	5885	5867	5845	5894	5802	5960	5965	5913	5994	5853	5891	5924	5879	5887	5949	5909	5869	5897	5900	5957	5939	5885	5965	5957	5873	5931	5970	5889	5878	5993	5898	5937	5918	5987	5936	5892	5929	6010	5837	5933	6013	6022	5893	5940	5912	5954	6013	6032	5870	5958	5851	5992	5933	5854
0	3	5	7	14	15	18	26	32	40	60	60	75	94	105	126	141	151	203	198	240	281	304	358	378	369	442	469	513	570	587	573	656	735	756	787	828	908	906	1022	1050	1079	1149	1177	1243	1238	1268	1441	1421	1551	1558	1618	1633	1667	1784	1871	1961	1870	2038	1993	2052	2098	2230	2327	2219	2308	2464	2510	2461	2546	2497	2643	2722	2729	2823	2815	2851	2873	3031	2981	3075	3150	3208	3238	3258	3315	3313	3413	3413	3457	3570	3513	3581	3691	3680	3762	3713	3848	3932	4002	4038	3992	4196	4163	4265	4190	4328	4348	4415	4436	4463	4560	4627	4632	4689	4754	4645	4836	4898	4913	4894	4917	5018	5043	5046	5095	5112	5246	5199	5205	5332	5432	5376	5374	5528	5404	5519	5414	5502	5590	5584	5624	5514	5728	5598	5683	5641	5635	5680	5752	5825	5749	5857	5799	5752	5882	5857	5863	5930	5962	5905	6052	5897	6047	5984	5844	5935	5990	5951	6028	6024	5969	6027	6021	6121	6110	6075	6114	6005	6109	6073	6006	6099	6085	6017	6065	6112	6081	6108	6022	6008	6044	6123	5986	6038	6031	6154	6102	6107	6132	6166	6008	6106	6123	6087	6046	6003	6175	6114	6134	6176	6062	6042	6199	6138	6187	6137	6185	6135	6136	6174	6248	6218	6049	6147	6111	6072	6140	6152	6188	6219	6128	6176	6186	6123	6204	6198	6132	6209	6119	6151	6215	6055	6155	6099	6062	6197	6206	6171	6177	6167	6165	6129	6054	6156	6202	6142	6118	6141	6056	6149	6119	6188	6085	6108	6207	6127	6207	6150	6177	6144	6160	6100	6162	6199	6186	6228	6159	6073	6149	6094	6116	6157	6121	6164	6175	6204	6158	6186	6158	6129	6260	6117	6114	6257	6059	6174	6117	6196	6128	6135
3	6	4	12	23	23	33	40	51	65	80	108	131	142	165	203	218	250	289	309	346	411	389	498	515	553	596	674	728	815	817	883	939	1032	1078	1143	1153	1215	1251	1327	1377	1417	1520	1608	1642	1638	1741	1797	1857	1981	1946	1999	2098	2181	2131	2287	2256	2411	2432	2603	2579	2682	2708	2740	2890	2809	2940	2925	2984	3036	3103	3250	3258	3361	3364	3389	3558	3520	3633	3575	3619	3722	3977	3862	3902	3989	4078	4078	4094	4226	4243	4323	4400	4398	4491	4570	4604	4678	4792	4731	4840	4829	4996	4839	4901	5097	5071	5188	5213	5262	5335	5323	5344	5418	5452	5528	5574	5660	5591	5610	5664	5650	5717	5703	5726	5762	5800	5832	5871	5913	5932	5913	6006	5925	5998	6037	6037	6029	6102	6148	6182	6163	6163	6152	6143	6160	6167	6323	6176	6228	6215	6195	6185	6174	6169	6270	6275	6220	6303	6286	6302	6396	6347	6341	6340	6313	6292	6290	6263	6327	6269	6333	6293	6347	6358	6356	6296	6356	6444	6419	6415	6326	6356	6328	6363	6364	6346	6393	6353	6428	6354	6375	6314	6372	6375	6259	6344	6292	6418	6369	6379	6289	6282	6303	6317	6440	6292	6342	6452	6305	6442	6403	6325	6377	6384	6419	6274	6421	6391	6328	6345	6453	6299	6363	6322	6354	6428	6297	6333	6366	6369	6391	6370	6400	6356	6328	6407	6386	6322	6292	6348	6423	6385	6274	6357	6374	6380	6327	6361	6442	6377	6309	6360	6360	6333	6448	6381	6265	6290	6307	6348	6446	6264	6278	6312	6379	6378	6442	6257	6394	6342	6337	6374	6322	6371	6401	6365	6404	6405	6316	6358	6374	6313	6274	6266	6368	6343	6353	6426	6323	6320	6390	6363	6320	6380	6340	6364	6269	6384	6351	6341
0	6	11	21	22	35	41	51	72	89	92	118	165	218	225	263	306	370	385	454	515	566	647	665	724	741	809	923	964	1021	1056	1166	1176	1249	1357	1394	1375	1503	1608	1627	1762	1751	1819	1912	1968	1999	2110	2234	2328	2399	2440	2519	2536	2560	2654	2787	2831	2869	3005	3109	3093	3088	3175	3346	3368	3351	3473	3498	3539	3633	3742	3782	3805	3838	3933	3977	4015	4086	4154	4228	4355	4484	4448	4466	4575	4667	4763	4860	4927	4973	4990	5015	5123	5219	5200	5268	5385	5360	5509	5544	5547	5526	5553	5664	5771	5776	5811	5864	5815	5879	5909	5919	5959	6073	6061	6040	6032	6099	6200	6246	6311	6209	6223	6269	6361	6338	6305	6342	6362	6471	6392	6397	6401	6414	6467	6539	6462	6498	6533	6482	6525	6592	6484	6577	6494	6498	6650	6577	6562	6502	6570	6546	6577	6637	6574	6524	6548	6548	6625	6536	6518	6518	6536	6598	6461	6624	6560	6578	6577	6610	6622	6580	6518	6540	6558	6593	6632	6549	6584	6578	6587	6537	6644	6593	6573	6537	6531	6572	6554	6660	6568	6547	6538	6549	6536	6527	6521	6559	6535	6653	6551	6587	6621	6589	6544	6636	6588	6622	6571	6541	6533	6579	6504	6599	6626	6581	6572	6632	6545	6687	6561	6566	6534	6627	6582	6537	6571	6510	6507	6504	6516	6560	6516	6464	6563	6509	6552	6550	6525	6519	6497	6537	6576	6534	6580	6574	6615	6519	6497	6565	6504	6526	6489	6529	6572	6603	6534	6588	6523	6536	6613	6490	6542	6592	6570	6514	6541	6411	6563	6575	6478	6584	6485	6545	6537	6523	6564	6477	6534	6455	6492	6509	6564	6602	6536	6564	6527	6495	6637	6513	6583	6551	6624	6448	6480	6587	6513	6601	6502	6509	6509
6	14	15	19	28	42	55	74	118	157	165	200	259	284	322	373	409	514	541	551	606	713	753	848	961	923	1022	1144	1219	1250	1334	1433	1475	1482	1582	1690	1741	1871	1879	1935	1974	2133	2270	2346	2385	2465	2495	2539	2672	2801	2879	2880	2921	3092	3209	3143	3229	3417	3314	3536	3527	3634	3733	3708	3784	3998	3906	4096	4143	4174	4260	4355	4365	4476	4512	4675	4633	4706	4891	5013	5021	5078	5181	5164	5270	5310	5434	5541	5570	5651	5687	5740	5764	5863	5886	5969	5891	5949	6066	6008	5993	6119	6141	6164	6295	6257	6344	6345	6369	6358	6383	6517	6465	6453	6548	6501	6572	6571	6564	6687	6595	6592	6638	6666	6669	6652	6784	6685	6656	6635	6643	6698	6690	6680	6714	6710	6743	6773	6767	6736	6699	6741	6757	6726	6720	6786	6720	6718	6768	6777	6697	6758	6803	6758	6811	6703	6751	6691	6734	6733	6804	6818	6827	6756	6730	6744	6755	6753	6764	6751	6741	6751	6707	6736	6817	6783	6793	6737	6730	6705	6797	6803	6683	6765	6734	6730	6702	6783	6840	6739	6715	6748	6789	6725	6674	6712	6753	6705	6683	6739	6760	6709	6733	6751	6732	6667	6823	6787	6784	6796	6744	6709	6723	6749	6761	6721	6728	6779	6759	6717	6736	6823	6730	6676	6682	6745	6691	6705	6759	6627	6654	6737	6729	6680	6633	6704	6749	6777	6692	6738	6737	6664	6718	6652	6795	6736	6723	6750	6695	6612	6707	6686	6753	6744	6687	6692	6725	6593	6657	6678	6680	6671	6723	6589	6800	6710	6744	6671	6722	6689	6684	6737	6670	6724	6758	6766	6744	6635	6635	6676	6652	6710	6693	6671	6635	6612	6727	6698	6715	6712	6693	6710	6720	6656	6649	6655	6645	6655	6620	6701	6737
0	12	17	30	44	76	73	107	148	168	237	283	307	372	451	486	521	639	658	766	779	861	946	1063	1104	1151	1259	1380	1419	1498	1558	1689	1768	1864	1989	2046	2028	2204	2306	2330	2472	2506	2555	2737	2761	2875	2920	2892	3087	3209	3346	3399	3470	3447	3592	3712	3771	3921	3788	3949	4034	4201	4201	4349	4323	4445	4588	4631	4731	4835	4848	4872	5086	5046	5292	5281	5342	5459	5542	5576	5696	5774	5756	5836	5921	5902	5910	5972	6061	6091	6169	6192	6135	6252	6292	6369	6319	6448	6513	6492	6595	6638	6657	6684	6593	6766	6678	6712	6664	6690	6804	6766	6780	6836	6798	6779	6844	6823	6910	6812	6883	6894	6879	6857	6933	6886	6879	6883	6955	6905	6911	6870	6855	6929	6962	6839	6878	6959	6884	6966	6897	6925	6927	6900	6987	6938	6895	6904	6986	6941	6942	6885	6924	6885	6956	6907	6914	6879	6962	7006	6953	6881	6988	6969	6977	6913	6837	6875	6952	6854	6843	6954	6901	7013	6942	6860	6891	6867	6970	6857	6850	6881	6897	6810	6858	6826	6905	6931	6855	6910	7001	6921	6805	6892	6884	6844	6871	6896	6882	6949	6885	6951	6877	6870	6938	6856	6860	6842	6874	6856	6948	6929	6890	6864	6901	6861	6872	6831	6869	6873	6869	6856	6952	6836	6871	6774	6759	6868	6859	6971	6837	6878	6858	6863	6783	6848	6817	6817	6892	6943	6827	6747	6928	6854	6860	6820	6896	6777	6837	6737	6775	6839	6851	6752	6789	6808	6764	6788	6887	6791	6780	6861	6847	6804	6800	6791	6838	6897	6804	6879	6740	6840	6823	6884	6872	6787	6820	6860	6799	6897	6858	6809	6888	6883	6772	6890	6756	6887	6773	6843	6811	6871	6840	6854	6794	6891	6818	6816	6800	6758	6760
1	21	27	46	69	83	113	162	190	244	267	356	374	470	500	613	635	779	857	926	992	1072	1151	1233	1301	1450	1450	1562	1721	1769	1813	1973	2026	2131	2188	2265	2454	2517	2553	2770	2802	2914	3033	3064	3143	3210	3347	3421	3573	3630	3712	3734	3887	3845	4031	4157	4190	4182	4360	4445	4580	4655	4767	4826	4953	4932	5161	5233	5269	5380	5430	5530	5588	5681	5859	5873	5901	5948	6068	5985	6149	6159	6164	6194	6226	6432	6434	6464	6492	6508	6670	6636	6739	6741	6692	6735	6731	6727	6853	6846	6863	6798	6879	6921	7029	6968	7014	6992	7070	6980	6971	7043	7056	6946	7018	7038	7049	7073	7080	7111	7080	7066	6983	7149	7097	7120	7097	7065	7079	7104	7033	7037	7109	7114	7111	7029	7121	7087	7075	7124	7117	7100	7034	6986	7109	7079	6997	7175	7094	7103	7084	7012	7045	7112	7111	7020	6993	7108	7060	7141	7060	7091	7127	7048	7065	7006	7095	6987	7008	7067	7021	7096	7081	6974	7074	7022	7035	6978	6989	7130	6959	6992	7047	7118	7061	6968	7101	6987	7045	7099	6959	7039	7017	7042	6937	7011	6973	6974	7057	6957	7005	7020	7079	7046	6975	6996	7079	6996	6960	7013	6945	7053	7012	6993	7002	7049	6970	7011	7059	6966	7082	6941	6943	6992	6968	6965	7065	6951	6995	7012	7046	7011	7007	7067	6967	6980	7001	6972	6968	6950	7053	6989	6981	6999	6989	6988	6944	6946	7021	6981	6976	7022	6929	7043	7023	6977	6951	6963	6856	6952	6984	7032	7041	6970	6909	6981	7061	7038	6982	6967	6989	7045	6957	6933	7082	7041	7004	6982	7045	6948	6956	7054	6974	6964	6936	7041	6957	7024	6893	6932	6962	6961	6983	6983	6985	6907	6955	6979	6911	7029	6928
5	14	46	47	72	99	123	198	246	280	397	386	490	551	635	732	875	896	1027	1069	1162	1199	1346	1485	1630	1643	1768	1863	1976	2106	2074	2247	2315	2462	2548	2636	2670	2894	2966	2996	3162	3213	3312	3406	3501	3613	3677	3841	3868	3966	4036	4181	4329	4410	4493	4562	4666	4793	4928	5008	5014	5152	5206	5421	5468	5568	5573	5660	5816	5906	5933	6003	6181	6244	6214	6313	6320	6402	6481	6464	6526	6646	6657	6793	6715	6761	6864	6843	6812	6919	6907	6943	6946	7039	7052	7036	7136	7102	7036	7160	7167	7167	7158	7169	7235	7101	7183	7220	7245	7197	7163	7173	7107	7124	7250	7261	7219	7177	7224	7254	7205	7173	7226	7258	7135	7171	7217	7263	7238	7242	7246	7216	7327	7253	7248	7230	7219	7196	7256	7229	7227	7217	7197	7256	7216	7229	7254	7150	7149	7092	7171	7192	7146	7128	7206	7215	7172	7258	7164	7153	7190	7156	7169	7242	7199	7268	7230	7220	7187	7151	7186	7175	7157	7111	7157	7104	7166	7150	7142	7125	7100	7165	7041	7172	7106	7186	7131	7184	7226	7088	7149	7093	7244	7153	7065	7114	7188	7152	7077	7098	7136	7180	7123	7124	7109	7063	7188	7099	7068	7054	7154	7074	7138	7123	7136	7082	7057	7070	7040	7074	7061	7156	7106	7064	7015	7073	7159	7161	7134	7132	7100	7123	7078	7098	7134	7058	7096	7175	7094	7070	7118	7060	7048	7145	7084	7028	7134	7166	7137	7096	7077	7053	7124	7070	7055	7136	7054	7115	7036	7074	7084	7057	7050	7087	7166	7052	7149	7047	6992	7025	6973	7101	7113	7116	7052	7124	7081	6965	7061	7102	7084	7128	7046	7052	7065	6998	7066	7146	7173	7095	7139	7011	7019	7139	7052	7132	7057	7095	7143	7108	7079
4	24	44	69	86	143	199	240	294	389	446	477	617	658	768	876	947	1036	1134	1243	1347	1459	1577	1652	1719	1863	1972	2097	2293	2342	2481	2598	2756	2733	2919	2918	3076	3203	3362	3388	3493	3628	3675	3767	3917	3980	4058	4220	4344	4444	4549	4662	4658	4904	4982	5073	5116	5198	5376	5485	5510	5698	5839	5805	5941	5989	6169	6055	6245	6288	6343	6383	6563	6548	6616	6640	6665	6783	6889	6900	6908	6926	7018	7107	7095	7176	7093	7116	7179	7170	7221	7128	7196	7213	7180	7231	7260	7270	7212	7294	7263	7387	7286	7342	7375	7243	7306	7357	7342	7374	7354	7354	7303	7341	7425	7386	7424	7280	7442	7281	7341	7338	7363	7305	7386	7356	7305	7352	7247	7324	7358	7379	7334	7255	7355	7386	7349	7344	7237	7396	7280	7322	7329	7298	7333	7342	7380	7327	7304	7317	7321	7313	7304	7293	7330	7338	7337	7332	7261	7313	7388	7309	7325	7245	7259	7278	7345	7188	7170	7274	7253	7343	7201	7260	7284	7308	7215	7147	7235	7228	7228	7313	7211	7253	7270	7214	7264	7231	7307	7295	7195	7170	7204	7200	7209	7220	7247	7329	7275	7128	7238	7169	7203	7180	7198	7234	7189	7186	7205	7249	7295	7259	7171	7219	7142	7161	7175	7214	7182	7233	7283	7169	7214	7252	7177	7209	7164	7162	7134	7153	7183	7241	7228	7214	7261	7252	7225	7136	7202	7133	7182	7127	7193	7158	7265	7235	7153	7170	7166	7142	7160	7207	7182	7156	7184	7253	7229	7196	7217	7207	7239	7187	7256	7243	7192	7168	7232	7170	7226	7199	7249	7219	7207	7200	7208	7292	7164	7187	7205	7236	7256	7206	7162	7211	7139	7238	7201	7176	7118	7206	7153	7183	7187	7200	7187	7209	7242	7237	7220	7285	7200
4	30	44	72	124	170	225	293	348	446	500	653	788	866	990	1012	1092	1264	1361	1501	1497	1680	1741	1919	1973	2053	2247	2361	2516	2614	2694	2866	2949	3109	3289	3257	3491	3541	3601	3732	3800	4019	4062	4161	4254	4344	4493	4591	4731	4753	4897	4965	5301	5252	5371	5563	5598	5811	5824	5884	5991	6073	6126	6302	6298	6377	6456	6421	6588	6711	6770	6818	6953	7049	6973	7074	7093	7137	7187	7178	7225	7253	7325	7250	7327	7351	7279	7294	7367	7350	7397	7323	7490	7384	7351	7423	7443	7446	7459	7443	7500	7401	7359	7484	7504	7407	7424	7392	7414	7468	7437	7508	7443	7460	7490	7383	7462	7484	7536	7502	7394	7503	7407	7486	7431	7431	7366	7452	7460	7429	7478	7450	7431	7466	7425	7480	7501	7412	7373	7455	7437	7436	7339	7413	7412	7390	7492	7394	7378	7469	7416	7436	7371	7466	7490	7417	7349	7518	7455	7460	7485	7440	7418	7416	7390	7342	7370	7370	7318	7360	7334	7374	7491	7355	7377	7307	7316	7338	7414	7322	7347	7342	7317	7362	7364	7437	7314	7394	7243	7401	7392	7336	7333	7291	7355	7329	7350	7323	7345	7426	7329	7388	7436	7373	7319	7378	7367	7332	7334	7310	7343	7300	7333	7312	7284	7339	7240	7349	7257	7365	7326	7344	7324	7287	7372	7327	7392	7227	7218	7212	7285	7268	7343	7359	7333	7254	7344	7293	7302	7358	7268	7333	7326	7280	7312	7304	7330	7359	7279	7239	7296	7290	7241	7290	7284	7293	7282	7302	7296	7288	7350	7293	7282	7325	7245	7344	7273	7260	7281	7309	7288	7322	7348	7314	7227	7304	7313	7282	7302	7268	7371	7213	7304	7353	7275	7309	7319	7326	7212	7265	7285	7206	7336	7318	7328	7340	7360	7345	7291	7280	7246
5	37	58	85	159	197	259	357	435	548	641	770	808	930	1047	1214	1326	1445	1515	1656	1707	1901	2011	2058	2233	2417	2462	2570	2799	2898	2954	3146	3300	3500	3507	3616	3692	3707	3981	3956	4166	4301	4355	4528	4548	4668	4853	4993	5141	5233	5381	5452	5661	5724	5831	5955	6100	6110	6169	6186	6314	6413	6420	6573	6617	6721	6779	6893	7002	6983	7121	7147	7169	7266	7305	7268	7346	7315	7377	7383	7474	7389	7429	7455	7417	7518	7564	7460	7569	7509	7528	7535	7472	7467	7514	7530	7607	7572	7536	7599	7585	7552	7581	7592	7593	7583	7590	7554	7585	7581	7596	7568	7556	7567	7614	7565	7502	7562	7581	7611	7619	7589	7564	7555	7537	7594	7539	7564	7468	7517	7574	7553	7486	7538	7636	7590	7593	7546	7543	7536	7502	7511	7563	7465	7509	7577	7571	7553	7555	7485	7443	7507	7523	7518	7530	7506	7556	7509	7498	7509	7503	7412	7415	7506	7505	7425	7495	7493	7533	7487	7495	7505	7444	7459	7425	7488	7517	7413	7505	7371	7505	7403	7426	7478	7487	7414	7568	7477	7465	7459	7447	7412	7414	7438	7418	7489	7522	7352	7392	7462	7354	7429	7423	7438	7497	7392	7490	7508	7484	7428	7487	7471	7423	7422	7415	7420	7433	7431	7409	7466	7412	7382	7315	7353	7386	7463	7414	7409	7390	7483	7430	7344	7428	7396	7434	7404	7424	7394	7389	7468	7454	7385	7353	7363	7385	7434	7427	7409	7393	7390	7413	7425	7417	7422	7385	7421	7369	7430	7375	7427	7420	7439	7463	7359	7417	7370	7398	7372	7394	7360	7396	7372	7463	7361	7507	7392	7441	7367	7436	7432	7504	7429	7422	7498	7384	7361	7443	7436	7443	7386	7355	7442	7297	7451	7409	7355	7375	7413	7407	7387	7402
6	40	68	111	163	290	328	450	513	613	662	831	978	1041	1200	1238	1417	1586	1694	1791	1949	2084	2278	2399	2487	2660	2795	2935	3071	3208	3295	3425	3473	3627	3837	3889	3988	4133	4256	4384	4500	4550	4771	4810	4982	5122	5246	5343	5425	5695	5737	5868	6025	5972	6177	6243	6285	6420	6489	6522	6666	6836	6856	6863	7091	7126	7212	7231	7194	7322	7393	7368	7463	7484	7389	7492	7549	7516	7551	7564	7596	7566	7519	7609	7601	7591	7689	7631	7667	7646	7706	7631	7654	7710	7639	7652	7686	7649	7651	7720	7701	7656	7657	7692	7746	7648	7649	7675	7669	7685	7669	7727	7714	7619	7666	7678	7703	7645	7697	7652	7621	7616	7596	7602	7715	7645	7547	7619	7622	7622	7609	7590	7679	7586	7564	7610	7602	7653	7619	7639	7663	7575	7612	7652	7613	7595	7662	7611	7628	7600	7530	7544	7595	7513	7546	7531	7618	7544	7580	7587	7526	7578	7574	7623	7598	7560	7571	7536	7509	7503	7574	7530	7530	7498	7568	7453	7469	7494	7569	7565	7554	7526	7445	7541	7504	7572	7486	7534	7455	7458	7434	7536	7549	7604	7520	7551	7557	7496	7438	7527	7496	7585	7517	7466	7475	7464	7519	7530	7573	7498	7523	7558	7521	7525	7456	7533	7501	7499	7444	7411	7560	7599	7499	7547	7479	7412	7461	7470	7413	7503	7448	7431	7496	7480	7556	7520	7425	7539	7651	7482	7551	7505	7477	7488	7546	7434	7542	7542	7571	7449	7478	7478	7626	7548	7408	7446	7515	7475	7521	7401	7462	7399	7437	7456	7526	7497	7376	7502	7492	7442	7513	7458	7554	7464	7513	7441	7521	7597	7451	7525	7525	7548	7469	7427	7541	7442	7468	7497	7469	7452	7439	7529	7447	7523	7522	7581	7484	7471	7558	7462	7381
5	43	87	126	203	300	411	504	608	715	801	981	1092	1269	1344	1500	1629	1795	1896	1983	2223	2332	2433	2606	2747	2825	2988	3154	3238	3363	3518	3751	3727	3890	4003	4118	4287	4461	4589	4758	4782	4926	5151	5089	5386	5459	5601	5725	5893	6038	6108	6239	6385	6392	6546	6592	6571	6823	6869	6949	7070	7114	7200	7215	7294	7323	7515	7491	7490	7482	7500	7592	7581	7522	7653	7674	7706	7738	7682	7745	7707	7697	7768	7750	7717	7770	7706	7736	7746	7749	7742	7720	7832	7757	7753	7773	7743	7781	7837	7764	7757	7778	7711	7733	7767	7832	7789	7831	7717	7779	7747	7759	7759	7810	7739	7810	7733	7731	7719	7726	7701	7727	7772	7739	7696	7702	7689	7708	7741	7705	7732	7712	7688	7664	7757	7685	7663	7684	7739	7717	7719	7681	7679	7686	7658	7644	7682	7711	7634	7612	7693	7607	7646	7583	7620	7650	7645	7674	7692	7636	7609	7664	7634	7621	7717	7655	7684	7597	7667	7655	7697	7619	7648	7643	7613	7591	7621	7600	7666	7615	7583	7570	7614	7672	7614	7589	7540	7650	7589	7603	7567	7532	7581	7503	7605	7598	7537	7519	7575	7531	7563	7587	7628	7633	7616	7627	7612	7611	7640	7618	7548	7615	7635	7635	7632	7515	7587	7592	7560	7602	7591	7564	7555	7607	7619	7559	7588	7618	7591	7576	7598	7546	7559	7519	7604	7638	7575	7607	7695	7571	7558	7453	7586	7536	7611	7650	7504	7601	7574	7491	7559	7588	7513	7544	7535	7619	7522	7603	7556	7613	7620	7566	7551	7619	7591	7659	7551	7619	7643	7584	7595	7528	7536	7554	7573	7574	7578	7584	7531	7593	7582	7512	7561	7638	7576	7581	7583	7637	7612	7632	7591	7651	7576	7559	7592	7537	7562	7586	7583	7601	7635
6	42	83	156	238	347	436	564	699	806	972	1109	1257	1341	1501	1659	1673	1848	2056	2204	2355	2502	2669	2745	2973	3008	3322	3412	3539	3635	3781	4068	3967	4218	4306	4325	4505	4698	4854	5016	5097	5315	5386	5518	5751	5837	6041	6169	6250	6311	6445	6549	6556	6720	6776	6936	7064	7157	7171	7255	7276	7388	7468	7551	7522	7558	7656	7591	7638	7706	7634	7635	7683	7763	7746	7821	7820	7870	7790	7739	7813	7827	7816	7886	7860	7902	7845	7896	7839	7862	7854	7857	7802	7845	7840	7890	7881	7876	7876	7801	7865	7808	7915	7816	7762	7863	7831	7854	7819	7847	7844	7782	7873	7814	7951	7830	7854	7755	7818	7792	7799	7788	7738	7799	7854	7785	7805	7891	7749	7743	7763	7856	7777	7733	7716	7762	7720	7770	7811	7790	7773	7728	7761	7762	7738	7813	7758	7766	7712	7743	7747	7741	7667	7682	7767	7664	7678	7681	7766	7743	7728	7671	7760	7703	7779	7823	7700	7728	7686	7693	7684	7698	7683	7709	7714	7730	7706	7686	7739	7683	7694	7782	7717	7733	7644	7660	7615	7724	7720	7667	7694	7707	7674	7694	7734	7673	7624	7685	7675	7711	7657	7616	7671	7766	7732	7722	7714	7713	7674	7682	7658	7666	7725	7653	7699	7689	7634	7663	7681	7669	7658	7695	7703	7642	7644	7677	7675	7634	7629	7621	7640	7604	7668	7643	7667	7663	7669	7698	7635	7640	7641	7682	7631	7684	7610	7634	7677	7672	7632	7641	7598	7617	7621	7656	7664	7677	7716	7699	7644	7673	7707	7709	7648	7653	7739	7602	7646	7771	7648	7609	7637	7643	7743	7689	7685	7687	7707	7696	7596	7641	7707	7651	7611	7708	7679	7717	7637	7707	7657	7676	7779	7680	7671	7670	7712	7703	7675	7618	7624	7629	7690
5	74	95	153	284	414	503	647	787	906	1025	1206	1342	1439	1675	1747	1894	2090	2219	2348	2524	2769	2825	3036	3201	3308	3482	3617	3767	3890	4016	4154	4299	4453	4581	4724	4858	5029	5128	5274	5512	5505	5751	6058	5996	6116	6271	6394	6497	6642	6723	6820	6976	7016	7205	7216	7367	7433	7471	7524	7573	7516	7699	7635	7586	7773	7804	7747	7810	7861	7881	7778	7857	7879	7875	7917	7920	7922	7879	7919	7904	7910	7948	7928	7895	7951	7961	7985	7932	7959	7932	7860	7874	7939	7931	7970	7913	7890	8020	7908	7933	7927	7932	7973	7943	7965	7874	7894	7968	7941	7863	7870	7914	7950	7876	7930	7871	7949	7844	7880	7821	7885	7892	7845	7848	7864	7883	7812	7843	7835	7876	7862	7823	7821	7825	7860	7878	7855	7818	7867	7857	7878	7828	7829	7836	7853	7890	7807	7735	7819	7777	7806	7802	7804	7742	7779	7763	7806	7837	7814	7729	7719	7779	7802	7796	7826	7719	7747	7822	7756	7796	7769	7753	7805	7807	7781	7768	7853	7828	7727	7754	7786	7770	7761	7768	7681	7769	7774	7751	7753	7746	7751	7695	7758	7867	7751	7708	7746	7759	7802	7845	7823	7714	7746	7769	7822	7743	7783	7808	7761	7716	7762	7786	7716	7800	7744	7791	7803	7727	7842	7728	7748	7786	7727	7769	7740	7736	7785	7707	7794	7736	7804	7787	7712	7709	7735	7758	7654	7784	7720	7723	7760	7755	7702	7720	7706	7757	7717	7744	7751	7692	7746	7801	7729	7734	7782	7696	7816	7842	7702	7738	7717	7702	7744	7702	7693	7682	7709	7757	7738	7729	7763	7770	7796	7820	7748	7743	7752	7757	7832	7751	7748	7738	7758	7769	7758	7684	7726	7745	7704	7724	7747	7789	7761	7788	7787	7801	7798	7767	7725	7783
9	72	127	186	312	472	627	737	885	1007	1163	1309	1457	1636	1835	1937	2136	2288	2435	2581	2715	2975	3027	3286	3349	3512	3671	3823	3939	4120	4215	4364	4527	4671	4751	5062	5135	5328	5443	5567	5818	5970	6098	6184	6238	6466	6528	6666	6743	6909	6984	7122	7293	7304	7397	7580	7543	7598	7720	7717	7761	7738	7806	7771	7895	7866	7870	7915	7927	7969	7909	7924	7897	7969	8045	7974	8035	8031	7983	8012	8061	8065	8022	8033	7976	8004	8027	7955	7963	7999	8000	8047	8007	8007	7957	8043	7993	8023	8065	7925	7988	7964	7934	8009	8028	8013	7993	8043	7956	7993	8019	7955	7986	7974	7984	7985	7975	7877	8018	7946	7950	7925	7985	7897	7923	7966	7938	8002	7888	7853	7968	8004	7876	7973	7885	7860	7884	7942	7928	7908	7905	7925	7866	7917	7866	7823	7907	7943	7908	7904	7894	7911	7847	7873	7864	7955	7915	7881	7828	7853	7863	7800	7825	7951	7821	7875	7819	7880	7802	7766	7850	7751	7766	7783	7827	7819	7874	7800	7867	7769	7844	7915	7907	7807	7798	7869	7923	7830	7899	7826	7816	7736	7772	7816	7806	7774	7742	7807	7830	7791	7841	7799	7835	7790	7781	7832	7832	7805	7861	7818	7900	7845	7805	7815	7769	7849	7835	7907	7803	7820	7865	7847	7872	7782	7863	7815	7842	7831	7725	7859	7821	7839	7746	7844	7819	7732	7874	7888	7783	7799	7878	7776	7776	7759	7761	7766	7826	7797	7854	7712	7723	7779	7857	7831	7775	7771	7804	7756	7776	7793	7776	7784	7791	7799	7829	7786	7810	7782	7848	7879	7873	7845	7845	7817	7864	7848	7797	7760	7789	7862	7792	7881	7826	7851	7832	7792	7799	7834	7751	7775	7861	7845	7879	7823	7874	7816	7737	7787	7792	7726	7785
9	88	124	232	365	516	642	781	954	1097	1282	1463	1626	1703	1948	2111	2276	2459	2588	2765	2975	3135	3242	3318	3607	3705	3862	4058	4142	4352	4410	4691	4660	4883	5029	5245	5301	5596	5783	5910	6038	6281	6359	6362	6523	6746	6748	6960	7106	7236	7345	7436	7464	7570	7710	7776	7704	7726	7780	7833	7940	7834	7906	7826	7953	7995	7971	7969	7936	8031	8023	8039	8008	8060	8025	8063	8080	8060	7944	8080	8084	8076	8107	8072	8056	8076	8072	8086	8088	8115	8065	8099	8032	8006	8090	8104	8045	8053	7979	8050	8016	7980	8026	7998	8004	8016	8000	7995	8081	8075	8009	8139	8017	7976	8043	8038	8017	8011	8016	8055	7980	7978	7970	7969	7945	7982	7958	8019	7955	7944	8006	7987	7957	7947	7924	7907	8037	8011	7923	7924	7946	7989	8013	7934	7970	7887	7951	7941	7937	7949	7948	7934	7942	7893	7900	7924	7946	7957	7875	7906	7886	7889	7950	7885	7942	7953	7915	7937	7911	7979	7906	7946	7893	7904	7945	7904	7899	7899	7923	7974	7857	7890	7866	7921	7864	7818	7873	7847	7845	7863	7788	7847	7929	7880	7865	7932	7903	7809	7974	7990	7823	7958	7929	7914	7908	7952	7956	7912	7955	7904	7884	7895	7896	7903	7955	7820	7944	7871	7942	7925	7880	7921	7823	7918	7916	7860	7925	7860	7894	7837	7883	7855	7790	7901	7901	7830	7842	7866	7802	7881	7853	7834	7871	7864	7798	7873	7887	7862	7889	7927	7818	7818	7886	7883	7891	7875	7852	7901	7940	7811	7845	7831	7848	7905	7885	7887	7856	7877	7959	7898	7953	7941	7877	7869	7910	7850	7932	7907	7858	7874	7791	7916	7951	7870	7883	7864	7896	7851	7909	7918	7823	7869	7889	7906	7901	7893	7885	7783	7842	7864	7841
8	75	142	290	427	608	749	914	1072	1252	1384	1594	1664	1961	2132	2203	2448	2578	2844	2927	3025	3357	3442	3602	3786	3944	4120	4248	4365	4472	4646	4856	5048	5177	5320	5575	5665	5820	6029	6246	6331	6369	6509	6692	6793	7019	7090	7303	7406	7497	7551	7674	7755	7730	7883	7786	7827	7857	7892	8018	7967	8030	8042	8129	7994	8011	8098	8075	8037	8128	8080	8034	8191	8136	8168	8078	8148	8113	8044	8110	8104	8138	8149	8117	8161	8161	8175	8162	8152	8133	8106	8124	8082	8087	8166	8132	8148	8117	8074	8147	8073	8076	8092	8119	8099	8153	8135	8102	8093	8066	8166	8150	8145	8112	8062	8058	8079	8137	8069	8079	8038	8008	8062	8042	8107	8104	8023	8056	8062	8020	8002	8045	8036	8047	8005	7967	8087	8127	8004	8025	7998	8030	8024	7977	8020	8018	7962	7997	7960	7960	7940	7938	8014	8004	7960	8026	7983	7935	7983	7964	7972	7925	7988	7944	8005	7956	7926	7933	7956	7960	7992	8044	7945	7996	7991	8033	7977	7936	7951	7961	7929	7930	7883	7972	8022	7871	7978	7920	7948	7978	7903	8063	7900	7938	7907	7933	7876	7938	7953	7937	7996	7947	7899	7911	7924	7972	7964	7939	7951	7922	7960	7976	7954	8039	7964	7998	7944	7922	7927	7975	8003	7855	8017	7987	7901	7920	7988	8052	7933	7945	7920	7968	7880	7883	7887	7982	7987	7906	7944	7919	7899	7976	7946	7929	7989	7946	7920	7962	7900	7929	7907	7877	7962	7932	7979	7894	7952	7927	8018	7924	7949	7972	7984	7935	7964	7914	7929	7904	8026	7933	7963	7969	7949	7960	7957	7939	7958	7936	7961	7856	7890	7935	7902	7928	7917	7945	7960	7954	7972	7915	7877	8026	8003	7958	7919	8000	7939	7909	8017	7939	7977
9	80	168	288	447	611	789	909	1223	1289	1513	1660	1804	1994	2219	2392	2520	2835	2970	3146	3316	3486	3620	3780	3935	4131	4272	4452	4550	4672	4959	5042	5162	5395	5592	5704	6024	6085	6340	6410	6588	6579	6812	7072	7255	7352	7372	7573	7582	7702	7835	7724	7841	7877	7938	7930	7991	7987	8009	8117	8068	8138	8192	8134	8130	8093	8155	8150	8160	8102	8158	8207	8178	8220	8221	8202	8204	8185	8125	8226	8105	8191	8196	8257	8201	8140	8225	8183	8194	8146	8201	8179	8194	8163	8183	8163	8221	8243	8212	8231	8186	8179	8189	8159	8215	8209	8103	8157	8123	8171	8110	8181	8107	8138	8112	8096	8162	8107	8168	8094	8153	8177	8105	8107	8163	8059	8115	8116	8076	8064	8128	8032	8075	8054	8111	8038	8148	8117	8123	8140	8067	8029	8110	8029	8128	8042	8110	8017	8032	8026	8086	8065	8048	8082	7992	7990	8074	8051	8045	8028	8072	7963	8098	8104	8015	8027	8024	8046	8039	8122	8028	7992	8063	8024	8019	7992	8025	8017	8007	8011	7978	8000	8031	8058	7974	8031	8028	8033	7979	7976	7956	7936	8019	8035	8023	8026	8026	7982	7979	8080	8044	7943	8017	7992	8038	7997	7994	7945	8023	8051	8022	8019	8053	8011	8025	8087	8026	8012	8007	8007	8009	8031	8007	8025	7966	8024	8010	8039	8061	8083	7984	8039	7986	7996	7935	7977	8014	8011	7982	8059	8036	8077	8023	7969	8092	8025	8021	7978	8020	8068	8029	8009	7976	8077	7964	8021	7996	7926	8049	8008	8000	8048	7972	8018	7958	8065	8001	8027	8002	7987	7983	8017	7999	8014	7981	8043	8026	8025	7986	8038	8046	8077	8060	7978	8071	8039	7981	8043	7971	8063	7985	8001	7993	8085	7984	8026	7973	8049	8002	7989	7959
11	90	202	339	493	659	837	1050	1228	1365	1592	1780	1901	2133	2323	2499	2719	2905	3156	3251	3437	3628	3727	3870	4127	4317	4382	4638	4720	4924	5155	5265	5515	5720	5849	6110	6215	6432	6434	6631	6809	7042	7132	7287	7445	7509	7640	7787	7843	7905	7905	7987	7948	8056	8166	8079	8111	8168	8118	8141	8195	8154	8221	8154	8205	8253	8250	8245	8269	8258	8176	8202	8234	8208	8182	8262	8213	8247	8231	8312	8245	8224	8205	8272	8229	8262	8201	8273	8295	8225	8242	8214	8211	8227	8251	8248	8236	8282	8205	8156	8162	8286	8243	8212	8213	8220	8197	8202	8250	8223	8253	8187	8180	8163	8177	8183	8172	8177	8219	8185	8175	8211	8187	8175	8208	8148	8112	8213	8125	8126	8168	8131	8182	8110	8154	8185	8086	8124	8243	8168	8096	8095	8112	8171	8092	8121	8166	8118	8213	8089	8097	8180	8139	8194	8135	8050	8073	8145	8089	8041	8116	8142	8044	8054	8095	8156	8080	8147	8054	8121	8109	8106	8128	8033	8079	8070	8127	8024	8171	8149	8135	8092	8093	8086	8053	8073	8051	8125	8115	8037	8062	8054	7971	8088	8123	8042	8033	8122	8107	8123	8033	8032	8062	8081	8071	8082	8064	8107	8055	8099	8071	8070	8035	8068	8038	8098	8063	8050	8023	8136	8076	8055	8028	8082	8091	8054	8058	8143	8071	8033	8079	8057	8109	8088	8052	8090	8004	8111	8044	8109	8119	8082	8020	8052	8088	8072	8039	8013	8070	8107	7982	8112	8079	8046	8008	8020	8042	8060	8059	8075	8056	8107	8052	8093	8024	8121	8115	8083	8061	8071	8098	8036	8063	8081	8064	8016	8064	8105	8056	8080	8055	8057	8021	8057	8149	7995	8111	8049	8112	8117	8058	8076	8049	8060	8080	8112	8026	8072	8127	8082	8116
6	111	223	399	560	763	975	1166	1340	1481	1706	1919	2107	2226	2376	2625	2846	3039	3174	3341	3634	3758	3894	4087	4255	4368	4562	4747	4938	5088	5383	5481	5760	5910	6144	6317	6428	6538	6720	6880	7084	7365	7414	7550	7631	7740	7801	7936	7973	8077	8063	8133	8078	8098	8098	8171	8180	8240	8230	8184	8264	8300	8186	8260	8236	8160	8245	8249	8278	8302	8343	8337	8312	8267	8294	8308	8281	8352	8307	8276	8271	8295	8272	8270	8335	8341	8282	8276	8291	8274	8287	8277	8289	8242	8260	8266	8290	8296	8215	8276	8253	8248	8270	8284	8281	8236	8314	8291	8233	8235	8296	8254	8249	8239	8236	8227	8253	8234	8163	8227	8236	8212	8161	8235	8224	8192	8182	8178	8172	8257	8170	8163	8185	8232	8201	8211	8212	8191	8131	8214	8153	8183	8194	8214	8199	8167	8179	8159	8155	8173	8165	8148	8178	8133	8188	8146	8105	8106	8127	8134	8139	8152	8134	8225	8169	8147	8050	8109	8086	8149	8155	8180	8137	8090	8208	8126	8150	8177	8158	8064	8102	8113	8232	8121	8132	8162	8075	8182	8138	8147	8077	8094	8146	8194	8126	8088	8141	8067	8113	8113	8049	8179	8173	8133	8083	8049	8189	8179	8211	8135	8118	8137	8074	8120	8074	8163	8107	8153	8107	8159	8108	8141	8193	8023	8168	8155	8104	8157	8133	8106	8168	8120	8102	8112	8158	8095	8101	8138	8105	8131	8110	8193	8138	8114	8234	8092	8164	8092	8077	8142	8120	8093	8060	8083	8117	8109	8160	8120	8133	8120	8111	8115	8179	8058	8156	8045	8144	8127	8163	8090	8148	8072	8108	8099	8127	8131	8084	8146	8145	8094	8128	8144	8163	8119	8123	8090	8169	8177	8176	8106	8119	8119	8127	8105	8144	8089	8154	8150	8163	8140	8121
10	122	230	405	635	829	1007	1244	1423	1622	1885	2001	2164	2404	2593	2723	2950	3163	3405	3609	3668	4013	4032	4319	4416	4621	4805	4892	5150	5401	5531	5790	6036	6153	6413	6585	6589	6890	7085	7171	7410	7513	7679	7774	7854	7971	7959	8111	8074	8104	8107	8231	8260	8247	8221	8250	8247	8218	8250	8272	8299	8304	8323	8320	8372	8351	8334	8352	8430	8306	8362	8350	8303	8354	8346	8352	8350	8342	8363	8372	8342	8297	8332	8300	8320	8336	8273	8334	8266	8365	8230	8241	8333	8324	8316	8473	8288	8329	8322	8265	8328	8313	8298	8282	8278	8288	8297	8275	8337	8321	8276	8264	8264	8294	8334	8320	8284	8293	8243	8283	8263	8300	8221	8317	8252	8195	8208	8226	8230	8273	8178	8238	8265	8275	8229	8295	8227	8222	8243	8213	8228	8264	8214	8277	8258	8202	8256	8186	8247	8219	8281	8260	8257	8151	8205	8228	8173	8164	8187	8201	8281	8215	8166	8261	8178	8230	8193	8134	8203	8197	8208	8190	8156	8140	8185	8223	8214	8157	8229	8145	8205	8201	8222	8206	8176	8166	8191	8189	8108	8196	8175	8152	8212	8177	8175	8166	8145	8196	8258	8176	8202	8101	8147	8146	8118	8167	8191	8134	8192	8208	8185	8187	8185	8158	8143	8108	8217	8178	8140	8163	8260	8184	8183	8152	8145	8144	8113	8133	8134	8135	8190	8169	8183	8157	8174	8141	8135	8196	8157	8173	8164	8193	8178	8228	8177	8113	8178	8188	8170	8152	8170	8227	8171	8198	8205	8101	8198	8204	8178	8192	8227	8212	8193	8184	8177	8114	8202	8202	8157	8185	8109	8174	8200	8167	8163	8224	8196	8218	8188	8107	8147	8139	8175	8202	8229	8191	8174	8208	8184	8240	8176	8119	8211	8185	8259	8187	8152	8192	8130	8126	8193
13	152	273	478	708	879	1089	1314	1512	1705	1864	2124	2210	2474	2714	2872	3075	3350	3479	3587	3808	4053	4182	4404	4560	4812	4995	5115	5335	5647	5955	6060	6317	6430	6635	6640	6913	7252	7312	7512	7656	7660	7856	7957	8028	7981	8017	8062	8190	8203	8198	8236	8312	8340	8209	8344	8323	8338	8376	8345	8317	8354	8336	8353	8361	8322	8415	8330	8360	8362	8370	8404	8452	8365	8456	8329	8441	8372	8375	8358	8393	8415	8374	8372	8359	8334	8402	8401	8419	8318	8355	8341	8378	8369	8395	8331	8368	8363	8406	8410	8358	8336	8289	8388	8364	8382	8373	8343	8323	8368	8361	8301	8336	8339	8296	8326	8313	8303	8342	8353	8304	8291	8276	8171	8301	8266	8287	8298	8293	8343	8267	8246	8348	8339	8290	8310	8204	8240	8270	8280	8281	8230	8192	8164	8358	8272	8260	8253	8236	8228	8278	8296	8317	8262	8262	8241	8270	8317	8190	8290	8271	8280	8249	8244	8301	8208	8236	8241	8214	8193	8230	8232	8221	8255	8201	8314	8224	8223	8227	8272	8261	8217	8238	8226	8284	8264	8242	8256	8164	8154	8178	8228	8227	8219	8246	8199	8270	8282	8221	8238	8210	8160	8202	8250	8222	8189	8198	8216	8208	8265	8241	8226	8186	8287	8206	8268	8165	8255	8210	8279	8193	8182	8205	8189	8224	8233	8238	8271	8194	8237	8193	8286	8180	8184	8219	8230	8198	8196	8213	8232	8240	8214	8244	8185	8206	8218	8184	8215	8228	8255	8240	8274	8209	8291	8192	8206	8310	8225	8235	8202	8286	8274	8278	8168	8226	8229	8210	8192	8250	8199	8245	8222	8271	8168	8239	8205	8257	8201	8298	8244	8197	8192	8233	8242	8276	8198	8270	8223	8292	8215	8190	8276	8260	8248	8199	8228	8176	8255	8175	8261	8308
13	124	300	478	741	908	1175	1318	1634	1749	2025	2168	2327	2581	2835	2996	3206	3453	3585	3905	3959	4187	4293	4520	4777	4945	5013	5399	5654	5917	6072	6303	6473	6551	6670	7010	7251	7365	7611	7677	7788	7860	7968	8043	8053	8144	8107	8162	8230	8281	8304	8333	8246	8379	8334	8259	8372	8408	8414	8428	8395	8386	8368	8472	8468	8510	8414	8487	8418	8488	8483	8434	8403	8440	8414	8389	8424	8453	8460	8404	8370	8490	8451	8412	8535	8425	8354	8425	8425	8450	8378	8415	8443	8404	8378	8351	8400	8419	8345	8443	8383	8407	8431	8370	8380	8456	8376	8407	8402	8409	8422	8351	8428	8412	8418	8399	8328	8332	8366	8279	8317	8320	8311	8368	8272	8319	8385	8353	8329	8305	8320	8274	8350	8292	8338	8302	8338	8316	8369	8401	8275	8353	8189	8300	8362	8323	8247	8353	8342	8350	8276	8266	8277	8273	8255	8279	8299	8300	8331	8331	8272	8270	8262	8248	8275	8293	8330	8304	8292	8358	8326	8263	8314	8269	8243	8292	8236	8330	8331	8283	8368	8225	8335	8353	8357	8242	8274	8319	8272	8373	8223	8226	8298	8288	8249	8314	8215	8259	8280	8270	8336	8289	8235	8274	8252	8303	8241	8324	8284	8327	8256	8301	8287	8245	8284	8254	8316	8316	8348	8297	8371	8259	8279	8235	8308	8323	8278	8278	8229	8301	8266	8296	8353	8240	8263	8263	8327	8273	8296	8304	8229	8295	8265	8298	8290	8290	8331	8230	8312	8267	8275	8251	8341	8274	8273	8250	8297	8268	8252	8278	8249	8217	8348	8361	8292	8336	8283	8295	8296	8294	8327	8305	8256	8352	8303	8275	8272	8337	8277	8339	8292	8280	8314	8318	8371	8289	8304	8296	8361	8307	8295	8279	8332	8284	8199	8242	8294	8275	8330	8255	8336
6	127	296	568	799	980	1196	1492	1670	1941	2060	2351	2513	2703	2920	3149	3328	3552	3740	3898	4115	4310	4474	4707	4931	5159	5275	5563	5793	6075	6289	6355	6546	6893	7055	7295	7504	7692	7659	7837	7976	8028	8152	8091	8210	8233	8301	8320	8277	8306	8393	8397	8417	8411	8422	8401	8440	8411	8427	8474	8393	8463	8492	8433	8439	8432	8504	8434	8546	8496	8504	8498	8471	8482	8524	8416	8517	8466	8476	8477	8483	8428	8394	8493	8409	8441	8447	8396	8443	8449	8444	8424	8511	8426	8479	8439	8407	8446	8442	8402	8420	8458	8448	8513	8429	8419	8463	8474	8456	8359	8396	8391	8342	8463	8415	8427	8455	8367	8399	8379	8376	8371	8402	8424	8402	8342	8368	8392	8378	8389	8339	8442	8399	8332	8344	8407	8358	8391	8363	8425	8397	8336	8378	8374	8333	8339	8452	8365	8352	8355	8362	8283	8339	8367	8285	8357	8350	8371	8294	8342	8329	8306	8318	8311	8296	8326	8326	8339	8348	8356	8324	8328	8347	8372	8277	8320	8324	8384	8305	8334	8350	8368	8323	8298	8363	8376	8324	8295	8293	8325	8369	8376	8346	8309	8353	8325	8327	8290	8326	8320	8281	8400	8303	8309	8308	8362	8313	8357	8339	8371	8319	8305	8273	8343	8300	8301	8390	8289	8280	8234	8280	8267	8329	8269	8366	8293	8287	8307	8298	8281	8314	8339	8325	8321	8299	8296	8304	8383	8313	8243	8327	8389	8371	8265	8300	8295	8300	8337	8272	8333	8344	8393	8334	8308	8265	8332	8358	8274	8308	8303	8325	8412	8332	8339	8382	8431	8369	8299	8305	8326	8263	8372	8310	8307	8331	8317	8347	8341	8364	8341	8315	8362	8360	8373	8363	8330	8378	8364	8269	8361	8285	8329	8333	8327	8300	8319	8267	8307	8328	8379	8375
9	149	337	591	849	1048	1324	1546	1753	1984	2164	2418	2637	2847	3105	3213	3446	3678	3910	3990	4226	4417	4704	4803	5009	5186	5583	5724	6083	6279	6384	6642	6892	7056	7303	7556	7684	7848	7857	7972	8101	8213	8185	8188	8304	8283	8314	8334	8315	8442	8398	8461	8429	8427	8403	8426	8458	8489	8506	8504	8492	8501	8489	8546	8538	8584	8486	8525	8510	8538	8536	8508	8446	8439	8538	8539	8512	8454	8546	8490	8518	8458	8488	8473	8518	8497	8448	8514	8505	8483	8445	8480	8508	8487	8486	8487	8526	8455	8401	8464	8532	8432	8387	8478	8485	8452	8401	8502	8461	8438	8465	8512	8417	8487	8475	8456	8404	8420	8456	8413	8458	8380	8503	8385	8443	8412	8430	8405	8376	8446	8397	8394	8373	8448	8391	8402	8427	8428	8494	8331	8413	8379	8420	8412	8409	8389	8350	8374	8415	8382	8373	8367	8363	8392	8348	8420	8383	8454	8405	8331	8365	8304	8390	8339	8406	8345	8373	8400	8394	8353	8430	8412	8367	8313	8328	8389	8477	8419	8442	8430	8458	8436	8356	8390	8390	8359	8322	8293	8319	8386	8262	8337	8378	8397	8363	8384	8408	8359	8325	8386	8347	8369	8381	8367	8415	8333	8342	8316	8362	8349	8387	8375	8240	8325	8343	8372	8390	8370	8363	8416	8333	8355	8420	8345	8401	8320	8330	8417	8367	8435	8351	8381	8405	8343	8382	8296	8372	8366	8367	8382	8361	8404	8366	8322	8398	8300	8366	8378	8351	8372	8380	8340	8385	8320	8343	8367	8379	8328	8336	8421	8389	8339	8379	8325	8449	8359	8381	8375	8403	8396	8336	8343	8306	8420	8376	8334	8397	8392	8375	8324	8393	8369	8414	8348	8343	8446	8352	8425	8383	8398	8340	8358	8395	8336	8425	8377	8385	8450	8385	8375	8434
14	179	381	627	850	1142	1365	1573	1847	2057	2223	2461	2694	2907	3143	3397	3566	3782	4001	4153	4415	4519	4841	4963	5305	5476	5664	6004	6261	6410	6616	6789	7054	7316	7608	7776	7849	7904	7985	8139	8187	8180	8250	8313	8294	8364	8374	8360	8420	8431	8508	8458	8499	8533	8469	8503	8479	8573	8484	8562	8529	8578	8515	8586	8550	8481	8483	8555	8600	8625	8563	8562	8516	8569	8506	8540	8516	8517	8565	8508	8560	8577	8543	8559	8479	8531	8510	8463	8543	8518	8492	8548	8532	8569	8472	8515	8493	8515	8485	8529	8508	8504	8474	8479	8515	8502	8503	8481	8488	8513	8492	8476	8518	8450	8458	8485	8425	8486	8438	8482	8448	8445	8484	8453	8535	8360	8407	8444	8431	8412	8450	8441	8377	8473	8496	8453	8504	8419	8479	8436	8429	8457	8407	8459	8412	8420	8449	8507	8442	8439	8450	8367	8466	8455	8433	8452	8420	8460	8464	8415	8382	8387	8430	8442	8395	8390	8447	8425	8451	8370	8387	8467	8400	8492	8431	8454	8446	8412	8458	8394	8437	8417	8405	8384	8467	8402	8392	8397	8428	8413	8433	8445	8445	8343	8404	8508	8370	8401	8403	8421	8347	8348	8418	8475	8465	8463	8426	8417	8428	8402	8438	8376	8459	8402	8386	8402	8414	8406	8404	8455	8440	8432	8384	8382	8430	8420	8452	8317	8380	8440	8332	8384	8412	8411	8427	8443	8403	8333	8403	8453	8437	8364	8494	8424	8461	8382	8366	8387	8415	8379	8416	8350	8384	8465	8453	8381	8341	8417	8442	8419	8407	8466	8437	8349	8350	8484	8450	8399	8468	8435	8477	8392	8406	8441	8451	8408	8520	8432	8416	8393	8392	8390	8477	8480	8428	8426	8424	8456	8383	8370	8390	8402	8479	8412	8431	8384	8437	8406	8420	8431	8315
17	194	379	659	902	1197	1343	1688	1927	2009	2330	2565	2746	3028	3191	3563	3657	3863	3995	4333	4504	4716	4927	5308	5448	5753	6056	6066	6379	6531	6751	7147	7332	7536	7694	7811	7960	8051	8155	8184	8254	8297	8368	8348	8459	8449	8434	8469	8462	8492	8536	8534	8535	8588	8554	8541	8652	8602	8605	8525	8631	8581	8605	8651	8570	8644	8582	8639	8581	8521	8607	8617	8599	8611	8570	8575	8574	8635	8597	8544	8552	8614	8566	8606	8496	8499	8522	8561	8565	8548	8538	8546	8526	8536	8522	8528	8587	8562	8466	8482	8573	8577	8470	8468	8555	8542	8499	8574	8534	8505	8488	8479	8454	8552	8539	8505	8504	8517	8522	8481	8521	8576	8504	8453	8600	8538	8528	8450	8432	8491	8447	8512	8559	8380	8562	8414	8497	8502	8446	8514	8471	8503	8442	8443	8478	8483	8425	8497	8455	8485	8465	8469	8413	8464	8464	8425	8465	8398	8469	8452	8474	8461	8465	8483	8415	8518	8471	8454	8490	8430	8432	8514	8453	8516	8533	8464	8380	8474	8500	8486	8467	8474	8405	8469	8456	8456	8416	8454	8415	8453	8408	8480	8503	8451	8423	8474	8444	8457	8505	8438	8495	8420	8441	8537	8455	8501	8497	8449	8486	8427	8515	8446	8485	8532	8406	8425	8410	8497	8455	8464	8422	8502	8423	8434	8462	8444	8416	8486	8447	8479	8442	8511	8462	8485	8478	8418	8464	8411	8482	8451	8469	8461	8517	8465	8467	8463	8475	8450	8374	8412	8436	8429	8414	8493	8429	8499	8466	8465	8440	8418	8474	8453	8469	8516	8501	8510	8486	8482	8496	8511	8492	8490	8517	8531	8453	8488	8434	8408	8460	8424	8414	8500	8436	8468	8478	8470	8463	8491	8454	8492	8445	8474	8464	8452	8470	8482	8436	8490	8441	8466	8483
13	200	414	702	961	1229	1515	1740	1967	2113	2346	2621	2886	3124	3366	3509	3782	3935	4235	4316	4590	4740	5073	5288	5608	5996	6149	6312	6553	6800	7059	7367	7625	7729	7947	7994	8121	8136	8251	8325	8380	8400	8437	8419	8435	8475	8497	8491	8574	8517	8557	8585	8624	8610	8625	8550	8613	8613	8637	8569	8591	8588	8555	8577	8584	8605	8599	8562	8575	8606	8589	8623	8625	8582	8561	8654	8625	8597	8653	8601	8675	8568	8640	8658	8614	8596	8644	8619	8605	8621	8551	8590	8632	8587	8605	8628	8552	8622	8603	8610	8590	8548	8564	8584	8610	8600	8601	8536	8564	8587	8561	8572	8578	8614	8571	8546	8574	8581	8507	8553	8586	8489	8590	8511	8534	8508	8500	8441	8558	8507	8502	8515	8508	8442	8528	8535	8556	8499	8572	8512	8534	8570	8503	8492	8560	8469	8518	8508	8518	8522	8483	8518	8537	8498	8561	8468	8500	8488	8501	8491	8514	8472	8489	8507	8459	8511	8509	8497	8508	8475	8506	8529	8583	8460	8473	8543	8482	8451	8519	8494	8480	8493	8531	8434	8530	8468	8372	8559	8492	8477	8487	8503	8458	8454	8551	8512	8552	8412	8497	8549	8455	8476	8526	8506	8544	8505	8504	8435	8446	8474	8479	8549	8527	8470	8539	8537	8508	8493	8490	8428	8473	8436	8455	8530	8483	8559	8468	8484	8544	8471	8557	8438	8464	8417	8500	8496	8506	8523	8471	8484	8477	8492	8449	8523	8542	8518	8481	8494	8492	8444	8348	8525	8495	8520	8514	8452	8482	8546	8480	8604	8476	8506	8410	8508	8541	8488	8505	8485	8530	8500	8451	8534	8547	8570	8516	8433	8507	8517	8492	8495	8464	8484	8498	8555	8531	8510	8497	8523	8514	8502	8545	8477	8520	8527	8503	8608	8534	8543	8521	8512	8500
14	166	463	777	1036	1254	1501	1714	1999	2219	2531	2741	3076	3242	3435	3695	3937	4090	4319	4499	4841	4965	5267	5401	5746	6084	6294	6413	6753	7021	7328	7557	7683	7904	8017	8170	8194	8361	8283	8384	8369	8391	8411	8526	8486	8473	8586	8591	8542	8516	8602	8584	8553	8563	8599	8632	8705	8639	8610	8677	8702	8685	8628	8654	8675	8635	8653	8694	8640	8611	8585	8652	8631	8678	8632	8688	8618	8689	8645	8601	8606	8634	8621	8645	8635	8562	8651	8604	8612	8624	8630	8546	8616	8656	8558	8652	8638	8621	8614	8567	8581	8607	8638	8668	8591	8614	8592	8604	8589	8586	8641	8584	8600	8533	8546	8604	8563	8631	8595	8563	8581	8527	8566	8570	8557	8527	8590	8511	8597	8574	8545	8583	8570	8542	8555	8586	8553	8516	8562	8591	8552	8567	8498	8561	8496	8562	8586	8512	8475	8550	8580	8567	8569	8562	8456	8537	8533	8551	8531	8558	8511	8531	8546	8503	8498	8550	8574	8513	8551	8532	8545	8562	8526	8514	8569	8492	8467	8568	8515	8453	8543	8480	8576	8579	8519	8519	8518	8532	8561	8554	8483	8514	8495	8478	8597	8469	8557	8520	8580	8503	8489	8561	8488	8553	8484	8542	8520	8559	8502	8481	8498	8556	8582	8497	8596	8533	8539	8531	8484	8584	8531	8549	8505	8534	8487	8504	8443	8555	8541	8521	8502	8539	8478	8515	8459	8515	8483	8486	8565	8504	8540	8541	8551	8544	8538	8561	8540	8483	8517	8529	8524	8473	8552	8517	8462	8532	8456	8524	8491	8511	8492	8544	8565	8464	8464	8555	8517	8532	8563	8583	8587	8575	8533	8547	8533	8563	8611	8496	8576	8570	8563	8554	8479	8529	8540	8510	8497	8543	8515	8526	8514	8575	8523	8570	8594	8514	8562	8579	8469	8542	8610
14	214	447	798	1062	1286	1542	1924	2131	2373	2587	2800	3078	3279	3437	3770	3973	4131	4305	4633	4951	5093	5416	5810	6042	6201	6464	6668	6949	7266	7570	7761	7894	8042	8161	8228	8301	8380	8426	8427	8467	8504	8606	8562	8556	8587	8560	8614	8607	8681	8630	8654	8652	8609	8622	8696	8737	8642	8683	8723	8669	8680	8707	8734	8694	8651	8702	8696	8734	8745	8693	8643	8756	8681	8714	8621	8707	8646	8641	8740	8716	8691	8604	8659	8673	8659	8604	8640	8644	8612	8655	8668	8653	8606	8665	8726	8690	8701	8639	8603	8680	8674	8655	8690	8617	8562	8668	8634	8638	8604	8580	8631	8562	8570	8599	8553	8573	8610	8610	8614	8527	8612	8616	8593	8524	8604	8636	8590	8577	8601	8601	8562	8599	8607	8599	8562	8538	8586	8620	8539	8548	8567	8552	8572	8555	8561	8623	8625	8570	8582	8597	8578	8548	8549	8526	8531	8577	8589	8589	8576	8616	8558	8603	8574	8529	8584	8546	8551	8582	8554	8651	8609	8548	8557	8570	8558	8535	8578	8588	8606	8570	8595	8607	8617	8482	8554	8581	8624	8524	8558	8541	8574	8554	8533	8537	8529	8558	8552	8545	8560	8592	8593	8511	8610	8553	8554	8513	8536	8574	8581	8601	8523	8595	8529	8534	8585	8565	8556	8582	8556	8522	8618	8500	8573	8609	8591	8569	8490	8538	8520	8518	8541	8582	8576	8515	8525	8567	8571	8516	8489	8530	8521	8530	8490	8521	8537	8509	8634	8598	8563	8526	8516	8569	8488	8560	8542	8526	8508	8559	8588	8592	8634	8613	8565	8600	8492	8609	8555	8542	8611	8627	8609	8591	8589	8583	8554	8545	8515	8564	8552	8563	8583	8623	8608	8582	8575	8595	8541	8607	8556	8626	8521	8578	8537	8520	8535	8532	8573	8529	8578	8525
16	228	520	828	1118	1432	1679	1778	2114	2302	2516	2898	3071	3311	3542	3869	4057	4281	4477	4776	4947	5253	5683	5914	6209	6454	6670	6909	7325	7477	7724	7915	8046	8145	8230	8217	8319	8421	8454	8468	8510	8578	8590	8599	8668	8660	8599	8670	8699	8585	8639	8666	8740	8670	8704	8718	8700	8639	8729	8723	8726	8705	8687	8744	8734	8707	8755	8739	8736	8674	8742	8682	8723	8722	8757	8736	8756	8647	8689	8666	8744	8687	8755	8763	8657	8702	8705	8705	8649	8727	8670	8645	8674	8662	8666	8619	8689	8624	8662	8646	8720	8704	8665	8632	8634	8639	8639	8622	8641	8681	8716	8610	8721	8642	8675	8585	8616	8653	8619	8651	8625	8653	8645	8627	8654	8722	8705	8597	8656	8618	8557	8543	8671	8663	8596	8631	8624	8631	8573	8631	8711	8550	8583	8625	8547	8666	8671	8581	8589	8604	8633	8572	8584	8609	8594	8604	8531	8643	8677	8579	8541	8642	8680	8663	8588	8620	8536	8578	8579	8525	8604	8624	8538	8613	8575	8590	8589	8563	8594	8583	8619	8598	8640	8598	8620	8622	8511	8566	8600	8560	8605	8609	8646	8561	8604	8587	8524	8543	8601	8561	8568	8627	8576	8562	8596	8582	8588	8605	8620	8605	8633	8611	8590	8581	8539	8652	8616	8586	8554	8593	8583	8581	8588	8610	8561	8575	8584	8574	8613	8576	8604	8607	8558	8574	8623	8601	8591	8599	8614	8620	8567	8518	8609	8587	8548	8598	8644	8621	8601	8567	8560	8644	8539	8617	8599	8607	8614	8600	8585	8593	8571	8607	8574	8617	8574	8627	8580	8622	8571	8597	8623	8606	8606	8630	8589	8637	8577	8610	8568	8635	8659	8605	8644	8606	8535	8531	8620	8585	8605	8569	8581	8546	8588	8586	8591	8602	8634	8592	8586	8620	8605
17	235	507	868	1121	1415	1692	1938	2153	2297	2635	2933	3172	3439	3607	3915	4159	4411	4571	4852	5117	5450	5806	6019	6346	6540	6819	7125	7432	7698	7850	7988	8052	8242	8323	8370	8432	8493	8560	8561	8611	8612	8557	8564	8626	8634	8640	8714	8674	8688	8703	8753	8742	8712	8701	8756	8663	8760	8782	8742	8789	8724	8737	8736	8730	8781	8721	8716	8735	8757	8721	8739	8734	8758	8751	8752	8786	8708	8723	8723	8722	8690	8713	8713	8783	8670	8736	8736	8704	8708	8727	8726	8768	8753	8677	8737	8704	8716	8729	8672	8694	8651	8724	8700	8723	8657	8717	8724	8696	8687	8633	8659	8701	8646	8719	8691	8637	8773	8709	8672	8662	8667	8658	8673	8650	8670	8703	8606	8674	8671	8638	8631	8614	8672	8662	8646	8632	8638	8651	8637	8654	8640	8610	8716	8631	8671	8593	8676	8564	8659	8617	8580	8685	8634	8583	8597	8693	8671	8669	8634	8627	8577	8609	8673	8631	8603	8625	8644	8646	8615	8663	8627	8667	8655	8622	8654	8564	8605	8633	8681	8681	8642	8613	8627	8625	8605	8596	8613	8642	8598	8577	8569	8649	8585	8631	8673	8647	8606	8659	8643	8646	8627	8619	8638	8590	8625	8599	8634	8655	8667	8614	8570	8629	8639	8633	8610	8647	8697	8631	8626	8624	8675	8604	8712	8620	8565	8613	8668	8641	8586	8664	8610	8616	8622	8637	8564	8593	8596	8605	8619	8654	8607	8600	8624	8612	8651	8656	8576	8588	8677	8670	8655	8623	8581	8590	8601	8624	8683	8623	8684	8578	8664	8687	8637	8663	8625	8625	8631	8729	8672	8625	8673	8716	8638	8664	8646	8704	8643	8596	8645	8663	8628	8606	8652	8667	8684	8576	8666	8695	8659	8712	8642	8623	8674	8614	8668	8610	8636	8628	8664	8663
22	217	533	894	1165	1499	1761	1974	2242	2474	2726	3028	3160	3451	3702	3978	4286	4467	4627	5019	5332	5558	5922	6149	6467	6662	6976	7389	7596	7905	8048	8122	8304	8331	8377	8389	8482	8582	8551	8569	8610	8673	8633	8648	8653	8729	8702	8722	8742	8674	8738	8802	8779	8775	8772	8824	8759	8815	8747	8788	8790	8749	8803	8789	8717	8721	8784	8709	8764	8704	8781	8819	8749	8745	8800	8748	8789	8741	8749	8724	8757	8765	8763	8727	8764	8735	8702	8764	8738	8729	8758	8763	8721	8724	8707	8678	8653	8731	8740	8762	8725	8774	8717	8702	8745	8758	8691	8725	8698	8732	8737	8647	8726	8700	8699	8708	8682	8704	8673	8676	8733	8734	8624	8719	8746	8673	8661	8677	8757	8720	8745	8703	8671	8673	8636	8627	8689	8756	8744	8692	8648	8624	8699	8648	8728	8621	8668	8638	8711	8723	8637	8659	8665	8645	8674	8708	8656	8628	8662	8695	8637	8692	8695	8704	8688	8640	8675	8722	8698	8677	8615	8703	8619	8650	8656	8676	8700	8689	8684	8675	8675	8676	8632	8627	8634	8722	8744	8644	8664	8695	8617	8678	8638	8669	8700	8602	8606	8641	8663	8698	8673	8645	8683	8675	8701	8674	8633	8651	8700	8625	8667	8678	8654	8597	8685	8625	8693	8688	8631	8644	8703	8648	8662	8660	8596	8676	8675	8682	8617	8681	8671	8679	8657	8626	8652	8611	8653	8673	8690	8707	8656	8641	8616	8621	8696	8553	8661	8669	8650	8601	8599	8637	8667	8614	8666	8613	8678	8686	8661	8626	8626	8661	8678	8666	8634	8650	8672	8702	8708	8636	8667	8658	8659	8670	8687	8694	8635	8722	8722	8689	8654	8707	8646	8692	8642	8606	8686	8660	8698	8720	8695	8629	8667	8645	8665	8670	8701	8709	8680	8647	8642
24	258	573	909	1203	1502	1771	2026	2235	2567	2782	3085	3247	3574	3837	4065	4319	4491	4799	5173	5405	5836	6118	6343	6586	6949	7263	7660	7838	8027	8062	8203	8306	8458	8522	8496	8537	8570	8618	8577	8627	8736	8688	8699	8775	8739	8702	8695	8806	8758	8802	8688	8769	8790	8749	8800	8805	8815	8816	8803	8800	8776	8812	8789	8822	8740	8796	8784	8794	8766	8793	8859	8755	8838	8794	8785	8724	8814	8759	8820	8810	8789	8765	8756	8735	8737	8748	8755	8727	8722	8799	8814	8779	8744	8762	8723	8678	8705	8783	8749	8819	8748	8751	8782	8749	8754	8757	8740	8690	8722	8751	8706	8788	8670	8759	8673	8779	8721	8698	8735	8695	8741	8736	8751	8673	8737	8691	8670	8706	8776	8730	8709	8668	8660	8722	8660	8743	8689	8711	8714	8703	8728	8720	8706	8714	8696	8661	8737	8664	8703	8629	8633	8742	8739	8690	8640	8721	8673	8708	8693	8750	8655	8703	8732	8688	8681	8730	8660	8682	8652	8700	8653	8694	8690	8681	8692	8698	8702	8722	8664	8738	8671	8689	8658	8716	8685	8676	8756	8663	8675	8714	8710	8712	8675	8715	8708	8633	8640	8656	8635	8694	8657	8680	8723	8670	8733	8688	8716	8690	8721	8662	8708	8636	8670	8679	8717	8648	8664	8672	8656	8694	8656	8615	8631	8716	8710	8645	8639	8693	8720	8706	8672	8706	8647	8685	8684	8761	8726	8677	8732	8661	8747	8683	8661	8725	8632	8705	8738	8658	8694	8682	8649	8686	8652	8708	8689	8696	8695	8685	8666	8696	8687	8686	8695	8738	8657	8708	8713	8725	8717	8742	8696	8703	8724	8647	8694	8684	8719	8741	8678	8697	8718	8667	8717	8686	8763	8701	8725	8646	8648	8684	8657	8719	8683	8705	8723	8693	8704	8703	8688	8727
14	248	621	986	1250	1551	1875	2159	2311	2520	2883	3133	3457	3647	3904	4113	4393	4675	4996	5350	5589	5940	6295	6418	6687	7190	7525	7730	7939	8081	8163	8337	8323	8378	8513	8530	8562	8622	8634	8642	8691	8709	8733	8738	8755	8776	8739	8772	8780	8811	8793	8773	8765	8781	8778	8764	8769	8842	8845	8781	8808	8804	8785	8833	8794	8796	8843	8833	8829	8808	8801	8779	8854	8780	8722	8815	8827	8824	8846	8822	8809	8808	8748	8787	8757	8806	8788	8783	8822	8836	8821	8768	8732	8808	8764	8774	8776	8766	8791	8816	8753	8798	8816	8768	8701	8762	8860	8780	8774	8763	8780	8801	8725	8759	8712	8689	8733	8728	8774	8783	8747	8776	8718	8771	8725	8693	8718	8723	8755	8760	8730	8697	8803	8735	8706	8738	8717	8726	8736	8720	8662	8747	8695	8767	8739	8738	8668	8740	8692	8696	8710	8731	8721	8656	8812	8753	8747	8745	8775	8742	8705	8722	8716	8722	8752	8763	8752	8721	8698	8744	8719	8768	8706	8671	8722	8668	8717	8642	8632	8810	8748	8718	8718	8721	8751	8742	8695	8725	8771	8659	8743	8755	8768	8745	8736	8719	8670	8715	8675	8684	8711	8772	8719	8681	8726	8737	8688	8693	8724	8705	8729	8706	8694	8745	8725	8738	8741	8657	8700	8748	8673	8767	8708	8683	8727	8674	8730	8774	8716	8704	8752	8740	8632	8678	8718	8764	8728	8734	8691	8764	8731	8723	8747	8747	8729	8762	8701	8728	8753	8703	8713	8780	8745	8761	8662	8738	8726	8763	8782	8727	8714	8739	8715	8683	8692	8685	8757	8778	8674	8721	8753	8754	8694	8739	8750	8740	8687	8780	8729	8748	8710	8714	8734	8751	8678	8717	8663	8698	8772	8677	8728	8698	8717	8729	8791	8696	8710	8703	8750	8758	8710
19	293	606	982	1254	1575	1850	2114	2373	2640	2894	3220	3457	3705	3937	4247	4553	4682	4996	5410	5766	6096	6357	6574	7053	7381	7712	7953	8145	8198	8281	8330	8415	8523	8593	8638	8633	8638	8619	8691	8720	8741	8746	8704	8780	8767	8791	8800	8848	8771	8791	8760	8873	8853	8798	8760	8869	8872	8835	8910	8813	8830	8860	8811	8875	8795	8828	8884	8816	8840	8870	8785	8802	8818	8813	8816	8799	8794	8815	8830	8842	8767	8878	8792	8819	8799	8820	8808	8807	8791	8840	8746	8778	8847	8803	8772	8772	8772	8793	8805	8805	8748	8838	8788	8764	8817	8739	8825	8765	8765	8826	8730	8795	8814	8802	8756	8785	8800	8773	8724	8767	8701	8780	8763	8761	8798	8793	8808	8747	8787	8762	8725	8752	8768	8806	8730	8769	8725	8735	8753	8801	8790	8795	8719	8745	8801	8785	8793	8753	8794	8746	8790	8754	8724	8789	8794	8723	8743	8772	8781	8796	8750	8723	8728	8738	8720	8700	8773	8753	8778	8727	8723	8720	8744	8752	8833	8714	8733	8744	8746	8763	8733	8780	8746	8724	8713	8774	8721	8737	8740	8768	8794	8783	8728	8815	8696	8707	8701	8751	8741	8741	8720	8699	8831	8709	8777	8683	8780	8798	8694	8735	8708	8778	8715	8721	8777	8695	8749	8761	8721	8777	8696	8707	8765	8707	8748	8725	8726	8752	8731	8718	8741	8751	8723	8750	8740	8735	8757	8716	8767	8801	8710	8764	8699	8756	8762	8733	8720	8726	8743	8777	8793	8768	8718	8794	8767	8722	8753	8755	8709	8788	8729	8708	8746	8730	8812	8762	8732	8804	8752	8767	8763	8781	8783	8803	8790	8662	8792	8761	8781	8765	8718	8760	8690	8789	8754	8713	8686	8736	8749	8767	8731	8730	8789	8770	8785	8766	8779	8778	8721	8777
19	264	645	1005	1353	1608	1877	2167	2359	2672	2975	3289	3508	3832	4039	4301	4592	4937	5165	5675	5915	6176	6540	6764	7208	7543	7801	8043	8140	8281	8274	8411	8487	8553	8605	8655	8618	8698	8645	8798	8721	8825	8756	8738	8840	8825	8795	8770	8846	8852	8836	8824	8834	8830	8814	8830	8834	8840	8899	8840	8878	8850	8900	8851	8827	8878	8901	8829	8803	8828	8865	8775	8860	8844	8842	8860	8788	8860	8850	8798	8866	8828	8825	8842	8797	8785	8851	8887	8794	8848	8843	8832	8852	8823	8873	8839	8846	8863	8850	8871	8740	8845	8876	8796	8846	8815	8750	8841	8805	8766	8814	8823	8775	8800	8765	8763	8828	8793	8748	8811	8812	8739	8804	8758	8794	8794	8816	8788	8817	8826	8773	8742	8812	8760	8793	8853	8807	8791	8792	8740	8703	8814	8797	8754	8795	8808	8789	8775	8800	8748	8778	8827	8838	8750	8750	8698	8730	8791	8803	8718	8783	8806	8767	8816	8761	8803	8775	8803	8796	8800	8774	8774	8716	8733	8764	8769	8738	8762	8777	8768	8773	8775	8761	8809	8792	8807	8802	8766	8753	8810	8792	8768	8726	8759	8714	8798	8792	8772	8787	8746	8784	8729	8761	8774	8834	8719	8728	8745	8806	8812	8786	8773	8713	8742	8790	8777	8829	8870	8757	8781	8732	8814	8752	8767	8813	8860	8771	8770	8786	8820	8770	8801	8730	8777	8734	8720	8768	8777	8762	8760	8800	8771	8676	8826	8737	8796	8788	8788	8808	8781	8752	8752	8779	8816	8769	8735	8745	8751	8690	8839	8784	8711	8807	8727	8841	8778	8777	8739	8788	8785	8827	8794	8751	8816	8769	8763	8712	8783	8722	8726	8814	8785	8780	8787	8809	8797	8733	8733	8770	8799	8717	8768	8803	8760	8821	8767	8735	8828	8826	8804	8777
19	287	731	1043	1366	1692	1903	2170	2416	2799	2966	3308	3580	3872	4027	4371	4795	5028	5285	5685	6118	6381	6620	6959	7471	7766	7932	8106	8215	8393	8449	8509	8551	8558	8629	8641	8634	8703	8749	8783	8722	8827	8826	8838	8827	8816	8818	8824	8867	8820	8846	8897	8902	8878	8840	8928	8896	8847	8887	8869	8862	8925	8844	8855	8876	8864	8929	8866	8908	8864	8848	8863	8882	8805	8846	8823	8861	8886	8853	8885	8874	8834	8819	8845	8880	8795	8856	8864	8891	8865	8869	8829	8859	8863	8902	8827	8788	8792	8809	8790	8820	8833	8909	8858	8817	8829	8791	8799	8864	8805	8818	8807	8777	8841	8796	8816	8857	8780	8827	8823	8859	8799	8876	8817	8795	8838	8867	8845	8806	8802	8792	8770	8786	8821	8814	8835	8786	8809	8789	8852	8785	8823	8862	8781	8869	8785	8842	8786	8832	8824	8870	8780	8830	8757	8729	8795	8819	8824	8782	8746	8789	8808	8832	8789	8844	8850	8785	8785	8829	8846	8790	8787	8839	8736	8734	8759	8768	8779	8780	8751	8799	8824	8799	8797	8760	8816	8753	8772	8814	8782	8823	8760	8767	8772	8764	8752	8832	8802	8874	8788	8773	8786	8818	8836	8809	8854	8783	8816	8826	8857	8775	8776	8826	8794	8815	8818	8834	8855	8791	8790	8784	8799	8814	8779	8779	8853	8787	8844	8843	8781	8814	8821	8846	8747	8814	8764	8768	8783	8720	8831	8822	8805	8801	8726	8817	8824	8808	8798	8777	8744	8840	8732	8852	8806	8806	8828	8763	8810	8814	8781	8785	8747	8812	8778	8872	8839	8810	8774	8792	8830	8778	8791	8796	8835	8832	8838	8851	8849	8797	8827	8870	8805	8796	8799	8734	8851	8811	8814	8706	8765	8766	8793	8818	8810	8807	8789	8812	8773	8796	8830	8789
18	293	661	1010	1411	1639	1932	2254	2632	2776	3105	3452	3604	3938	4214	4411	4848	5047	5412	5904	6172	6472	6811	7312	7658	7935	8028	8218	8373	8405	8467	8496	8641	8630	8755	8751	8779	8771	8734	8810	8837	8826	8824	8780	8892	8876	8885	8878	8848	8825	8910	8869	8914	8901	8875	8838	8845	8969	8971	8939	8852	8923	8926	8855	8904	8911	8910	8880	8905	8912	8946	8854	8883	8868	8903	8890	8874	8917	8914	8858	8865	8907	8821	8854	8936	8832	8834	8851	8858	8826	8871	8929	8832	8915	8907	8826	8861	8848	8916	8857	8863	8886	8877	8859	8871	8844	8899	8816	8850	8845	8819	8736	8872	8840	8856	8848	8758	8786	8910	8810	8795	8819	8846	8811	8866	8822	8817	8821	8892	8797	8837	8838	8870	8877	8815	8879	8813	8827	8882	8787	8811	8859	8866	8904	8863	8831	8822	8856	8856	8846	8804	8827	8829	8830	8825	8783	8854	8778	8774	8832	8772	8862	8828	8825	8779	8819	8837	8837	8769	8804	8832	8840	8779	8862	8798	8872	8829	8865	8814	8850	8786	8812	8838	8777	8815	8842	8847	8808	8780	8820	8841	8790	8736	8777	8797	8866	8853	8848	8807	8817	8805	8809	8843	8853	8823	8822	8802	8804	8860	8837	8834	8847	8863	8815	8824	8820	8857	8823	8786	8827	8819	8817	8794	8778	8809	8811	8828	8816	8801	8818	8865	8833	8819	8837	8839	8807	8849	8755	8789	8812	8826	8777	8896	8838	8801	8817	8771	8792	8811	8860	8874	8767	8759	8793	8841	8857	8778	8816	8851	8822	8830	8883	8831	8873	8843	8839	8812	8874	8825	8837	8863	8835	8851	8824	8850	8836	8842	8813	8841	8829	8826	8849	8795	8808	8779	8790	8777	8845	8781	8803	8859	8786	8843	8791	8809	8888	8833	8839	8811	8895	8884
22	329	767	1114	1399	1719	1995	2282	2565	2843	3164	3424	3720	4071	4236	4506	4824	5203	5699	5995	6393	6575	7082	7528	7844	8096	8139	8236	8407	8502	8622	8577	8615	8660	8737	8753	8785	8703	8794	8783	8846	8877	8860	8853	8842	8894	8830	8889	8847	8864	8899	8921	8932	8888	8916	8896	8925	8940	8869	8906	8984	8916	8930	8939	8927	8901	8957	8983	8914	8957	8936	8893	8904	8948	8891	8921	8956	8903	8937	8941	8871	8854	8911	8876	8897	8859	8870	8936	8870	8918	8824	8924	8853	8880	8830	8898	8873	8904	8889	8869	8890	8870	8942	8882	8829	8870	8868	8889	8870	8873	8846	8897	8879	8874	8854	8856	8871	8881	8833	8818	8796	8839	8898	8836	8852	8888	8826	8858	8837	8784	8834	8845	8922	8877	8863	8887	8817	8850	8829	8762	8838	8888	8872	8904	8836	8838	8836	8893	8836	8821	8890	8824	8847	8875	8840	8799	8849	8797	8867	8852	8798	8842	8811	8836	8842	8894	8850	8852	8818	8806	8835	8873	8846	8804	8801	8828	8837	8848	8807	8854	8892	8862	8912	8785	8815	8872	8807	8819	8838	8795	8901	8853	8845	8822	8837	8882	8870	8793	8835	8843	8870	8839	8813	8794	8889	8833	8891	8846	8812	8870	8785	8830	8916	8811	8827	8822	8846	8832	8850	8877	8857	8866	8854	8816	8850	8858	8829	8810	8820	8825	8837	8821	8845	8847	8822	8811	8857	8875	8841	8826	8869	8881	8827	8855	8817	8906	8829	8864	8917	8873	8843	8822	8861	8871	8865	8878	8897	8870	8877	8842	8865	8874	8865	8894	8874	8871	8827	8887	8869	8835	8829	8857	8844	8787	8855	8825	8821	8866	8845	8832	8876	8895	8837	8890	8854	8888	8886	8805	8830	8861	8824	8849	8897	8872	8848	8862	8859	8897	8889	8881	8858
16	353	741	1077	1440	1716	1996	2356	2568	2796	3137	3478	3742	4060	4302	4675	5035	5345	5796	6106	6462	6706	7238	7603	7883	8057	8224	8353	8429	8561	8593	8571	8754	8694	8762	8802	8829	8839	8785	8828	8866	8864	8902	8890	8865	8937	8907	8953	8903	8938	8906	8928	8960	8913	8926	8894	8956	8963	8932	8928	8962	8941	8880	8968	8935	8920	8917	8864	8967	8967	8991	8926	8903	8904	8874	8942	8968	8924	8925	8930	8905	8874	8948	8888	8916	8927	8914	8910	8905	8938	8913	8932	8927	8957	8852	8931	8923	8874	8968	8875	8900	8922	8909	8961	8906	8892	8873	8866	8879	8921	8899	8913	8855	8910	8857	8840	8855	8882	8884	8886	8822	8813	8962	8901	8888	8881	8923	8905	8874	8852	8878	8879	8852	8916	8897	8864	8812	8864	8874	8881	8925	8905	8862	8897	8874	8896	8832	8842	8873	8873	8902	8882	8863	8871	8861	8846	8888	8841	8845	8840	8861	8864	8829	8887	8867	8853	8892	8813	8834	8857	8883	8853	8845	8796	8886	8843	8912	8883	8872	8858	8879	8892	8862	8874	8876	8902	8868	8898	8855	8836	8846	8886	8835	8858	8820	8868	8886	8829	8854	8961	8891	8882	8895	8906	8843	8904	8870	8854	8918	8906	8881	8927	8872	8859	8872	8868	8843	8859	8903	8905	8894	8874	8896	8870	8898	8903	8890	8845	8876	8894	8868	8878	8870	8914	8873	8837	8898	8865	8928	8858	8827	8860	8860	8843	8918	8873	8901	8846	8837	8885	8916	8872	8908	8842	8862	8853	8863	8901	8949	8883	8928	8877	8903	8895	8866	8871	8827	8845	8876	8879	8862	8814	8890	8929	8884	8883	8915	8889	8912	8901	8858	8852	8868	8889	8812	8910	8883	8869	8907	8934	8859	8849	8883	8872	8888	8882	8878	8860	8914	8912	8867
18	344	783	1152	1487	1710	2039	2361	2655	2913	3226	3542	3845	4191	4465	4741	5124	5569	5918	6237	6504	6986	7491	7850	7942	8216	8332	8461	8554	8610	8563	8608	8633	8763	8761	8755	8791	8821	8898	8863	8857	8820	8840	8865	8940	8864	8957	8904	8959	8901	8884	8902	8890	8943	8900	8936	8948	8938	8894	8977	8954	9021	8974	8945	8970	8943	8925	8935	8931	8941	8964	8925	8922	8935	8963	8975	8984	8949	8951	8937	8916	8969	8899	8954	8985	8919	8950	8952	8932	8926	8920	8946	8925	8905	8898	8951	8897	8985	8899	8937	8942	8924	8933	8899	8944	8914	8927	8953	8928	8841	8969	8849	8875	8916	8954	8900	8901	8874	8856	8884	8900	8851	8907	8896	8905	8884	8913	8897	8883	8892	8867	8898	8955	8866	8912	8921	8911	8883	8932	8896	8828	8876	8912	8896	8944	8907	8849	8930	8948	8881	8890	8834	8898	8889	8882	8867	8862	8846	8878	8851	8872	8909	8871	8924	8848	8932	8872	8845	8868	8851	8881	8870	8856	8915	8865	8903	8903	8887	8890	8859	8932	8956	8899	8889	8894	8884	8868	8961	8897	8872	8897	8889	8913	8857	8909	8837	8903	8916	8887	8845	8909	8865	8948	8851	8830	8894	8882	8873	8914	8978	8928	8903	8919	8918	8882	8878	8895	8880	8865	8849	8957	8933	8864	8857	8938	8925	8910	8813	8922	8894	8884	8844	8881	8935	8797	8867	8918	8916	8891	8910	8863	8890	8901	8910	8861	8879	8875	8880	8919	8907	8865	8889	8881	8879	8895	8918	8888	8901	8916	8896	8856	8937	8902	8899	8892	8897	8887	8918	8899	8890	8859	8875	8834	8866	8932	8932	8929	8928	8964	8862	8900	8908	8897	8826	8913	8859	8865	8920	8903	8870	8877	8940	8899	8881	8921	8940	8958	8954	8936	8933	8878
